"2021-02-16 at 15:26"
System_Date_(Y-M-D)	System_Time_(h:m:s)	CO₂_(µmol_mol⁻¹)	Cell_Temperature_(°C)	Cell_Pressure_(kPa)	CO₂_Absorption	Input_Voltage_(V)	Flow_Rate_(L_min⁻¹)	
2021-02-16	15:26:49	6.03586e2	5.05354e1	7.38550e1	8.5787601e-2	1.1971527e1	7.4905586e-1	
2021-02-16	15:26:49	6.03168e2	5.05416e1	7.38669e1	8.5746459e-2	1.1965651e1	7.2028164e-1	
2021-02-16	15:26:50	6.05408e2	5.05414e1	7.38805e1	8.5961036e-2	1.1957259e1	7.3033876e-1	
2021-02-16	15:26:50	6.04816e2	5.05476e1	7.38632e1	8.5903282e-2	1.1977401e1	7.4242839e-1	
2021-02-16	15:26:51	6.05528e2	5.05536e1	7.38704e1	8.5970315e-2	1.1948027e1	7.1594066e-1	
2021-02-16	15:26:51	6.13410e2	5.05663e1	7.38857e1	8.6719379e-2	1.1969848e1	7.2933568e-1	
2021-02-16	15:26:52	6.15522e2	5.05788e1	7.38635e1	8.6917552e-2	1.1979919e1	7.4760704e-1	
2021-02-16	15:26:52	6.10271e2	5.05848e1	7.38659e1	8.6417446e-2	1.1984115e1	7.2579345e-1	
2021-02-16	15:26:53	6.08439e2	5.05911e1	7.38832e1	8.6241731e-2	1.1963133e1	7.2232799e-1	
2021-02-16	15:26:53	6.08572e2	5.06004e1	7.38704e1	8.6252717e-2	1.1958098e1	7.3089962e-1	
2021-02-16	15:26:54	6.08719e2	5.06131e1	7.38782e1	8.6264410e-2	1.1969848e1	7.1713590e-1	
2021-02-16	15:26:54	6.11903e2	5.06161e1	7.38867e1	8.6567201e-2	1.1970688e1	7.3697066e-1	
2021-02-16	15:26:55	6.11844e2	5.06255e1	7.38647e1	8.6559886e-2	1.1971527e1	7.4549937e-1	
2021-02-16	15:26:55	6.11059e2	5.06349e1	7.38755e1	8.6483535e-2	1.1963133e1	7.1912860e-1	
2021-02-16	15:26:56	6.15256e2	5.06347e1	7.38907e1	8.6882314e-2	1.1968169e1	7.2856450e-1	
2021-02-16	15:26:56	6.13558e2	5.06474e1	7.38667e1	8.6718854e-2	1.1980758e1	7.4036273e-1	
2021-02-16	15:26:57	7.57178e2	5.06568e1	7.38770e1	9.9583635e-2	1.1966490e1	7.1580562e-1	
2021-02-16	15:26:57	9.22753e2	5.06631e1	7.38919e1	1.1281852e-1	1.1964812e1	7.2378025e-1	
2021-02-16	15:26:58	7.82413e2	5.06725e1	7.38744e1	1.0169743e-1	1.1989990e1	7.4367809e-1	
2021-02-16	15:26:58	6.25710e2	5.06786e1	7.38675e1	8.7861347e-2	1.1966490e1	7.2896127e-1	
2021-02-16	15:26:59	6.00221e2	5.06849e1	7.38877e1	8.5438098e-2	1.1962294e1	7.1806793e-1	
2021-02-16	15:26:59	5.97636e2	5.06880e1	7.38824e1	8.5188913e-2	1.1970688e1	7.2630348e-1	
2021-02-16	15:27:00	5.80201e2	5.06973e1	7.38802e1	8.3495140e-2	1.1986633e1	7.1959571e-1	
2021-02-16	15:27:00	5.58791e2	5.07068e1	7.38850e1	8.1378850e-2	1.1981598e1	7.3639674e-1	
2021-02-16	15:27:01	5.50197e2	5.07164e1	7.38697e1	8.0516510e-2	1.1993347e1	7.4199957e-1	
2021-02-16	15:27:01	5.53041e2	5.07258e1	7.38767e1	8.0800495e-2	1.1981598e1	7.2236261e-1	
2021-02-16	15:27:02	5.62104e2	5.07320e1	7.38852e1	8.1704473e-2	1.1965651e1	7.2330894e-1	
2021-02-16	15:27:02	5.67939e2	5.07415e1	7.38767e1	8.2281475e-2	1.1978241e1	7.2842354e-1	
2021-02-16	15:27:03	5.65807e2	5.07446e1	7.38817e1	8.2069778e-2	1.1990829e1	7.1869654e-1	
2021-02-16	15:27:03	5.69590e2	5.07443e1	7.38864e1	8.2444105e-2	1.1984115e1	7.3712162e-1	
2021-02-16	15:27:04	5.85139e2	5.07538e1	7.38672e1	8.3967123e-2	1.1995865e1	7.4223527e-1	
2021-02-16	15:27:04	5.95761e2	5.07632e1	7.38759e1	8.4994783e-2	1.1989990e1	7.2168016e-1	
2021-02-16	15:27:05	5.87260e2	5.07761e1	7.38827e1	8.4169559e-2	1.2000900e1	7.2790713e-1	
2021-02-16	15:27:05	5.82644e2	5.07856e1	7.38714e1	8.3718385e-2	1.1974044e1	7.3721117e-1	
2021-02-16	15:27:06	5.86482e2	5.07918e1	7.38779e1	8.4091176e-2	1.1973205e1	7.2143001e-1	
2021-02-16	15:27:06	5.79385e2	5.07948e1	7.38895e1	8.3398170e-2	1.1983276e1	7.2096610e-1	
2021-02-16	15:27:07	5.83535e2	5.08011e1	7.38779e1	8.3802547e-2	1.1984955e1	7.4526395e-1	
2021-02-16	15:27:07	5.81341e2	5.08075e1	7.38639e1	8.3587245e-2	1.1987472e1	7.3785219e-1	
2021-02-16	15:27:08	5.62270e2	5.08170e1	7.38797e1	8.1706256e-2	1.1979919e1	7.1867060e-1	
2021-02-16	15:27:08	5.56173e2	5.08232e1	7.38847e1	8.1097335e-2	1.1989990e1	7.2547526e-1	
2021-02-16	15:27:09	5.58966e2	5.08263e1	7.38782e1	8.1375713e-2	1.1974884e1	7.2852649e-1	
2021-02-16	15:27:09	5.64035e2	5.08360e1	7.38820e1	8.1878271e-2	1.1984115e1	7.3707408e-1	
2021-02-16	15:27:10	5.67092e2	5.08390e1	7.38684e1	8.2180767e-2	1.1986633e1	7.4483890e-1	
2021-02-16	15:27:10	5.68660e2	5.08452e1	7.38710e1	8.2334747e-2	1.2000061e1	7.2688035e-1	
2021-02-16	15:27:11	5.77959e2	5.08581e1	7.38872e1	8.3247489e-2	1.1994186e1	7.2050695e-1	
2021-02-16	15:27:11	5.91105e2	5.08645e1	7.38772e1	8.4526929e-2	1.1982437e1	7.2858295e-1	
2021-02-16	15:27:12	5.94664e2	5.08675e1	7.38817e1	8.4870471e-2	1.1976562e1	7.1807889e-1	
2021-02-16	15:27:12	5.87076e2	5.08771e1	7.38857e1	8.4133796e-2	1.1998382e1	7.3949956e-1	
2021-02-16	15:27:13	5.79478e2	5.08835e1	7.38662e1	8.3391780e-2	1.1989990e1	7.4873065e-1	
2021-02-16	15:27:13	5.77010e2	5.08931e1	7.38714e1	8.3148365e-2	1.1974884e1	7.2675566e-1	
2021-02-16	15:27:14	5.77758e2	5.09027e1	7.38870e1	8.3220005e-2	1.1979919e1	7.2802205e-1	
2021-02-16	15:27:14	5.73025e2	5.09090e1	7.38747e1	8.2754125e-2	1.1995025e1	7.3572611e-1	
2021-02-16	15:27:15	5.58993e2	5.09154e1	7.38820e1	8.1363077e-2	1.1976562e1	7.1866607e-1	
2021-02-16	15:27:15	5.51055e2	5.09218e1	7.38905e1	8.0567665e-2	1.1969848e1	7.3324275e-1	
2021-02-16	15:27:16	5.50311e2	5.09250e1	7.38695e1	8.0492420e-2	1.2001739e1	7.4510459e-1	
2021-02-16	15:27:16	5.47609e2	5.09281e1	7.38772e1	8.0220012e-2	1.1979919e1	7.2006502e-1	
2021-02-16	15:27:17	5.41464e2	5.09409e1	7.38897e1	7.9596881e-2	1.2008453e1	7.2456598e-1	
2021-02-16	15:27:17	5.42405e2	5.09440e1	7.38777e1	7.9691648e-2	1.1986633e1	7.3469548e-1	
2021-02-16	15:27:18	5.40038e2	5.09504e1	7.38802e1	7.9450659e-2	1.1995025e1	7.2034244e-1	
2021-02-16	15:27:18	5.23119e2	5.09666e1	7.38917e1	7.7717089e-2	1.1977401e1	7.2607650e-1	
2021-02-16	15:27:19	5.17489e2	5.09729e1	7.38757e1	7.7133779e-2	1.1990829e1	7.4828243e-1	
2021-02-16	15:27:19	5.22577e2	5.09728e1	7.38635e1	7.7660131e-2	1.1988311e1	7.4023962e-1	
2021-02-16	15:27:20	5.23046e2	5.09792e1	7.38830e1	7.7707462e-2	1.1996704e1	7.1778545e-1	
2021-02-16	15:27:20	5.25584e2	5.09856e1	7.38899e1	7.7967791e-2	1.2002578e1	7.2766065e-1	
2021-02-16	15:27:21	5.33043e2	5.09920e1	7.38777e1	7.8731403e-2	1.1993347e1	7.3313713e-1	
2021-02-16	15:27:21	5.38363e2	5.10017e1	7.38824e1	7.9271850e-2	1.1996704e1	7.2833347e-1	
2021-02-16	15:27:22	5.38117e2	5.10081e1	7.38809e1	7.9245829e-2	1.1998382e1	7.3995451e-1	
2021-02-16	15:27:22	5.34853e2	5.10146e1	7.38744e1	7.8912382e-2	1.1989151e1	7.3289909e-1	
2021-02-16	15:27:23	5.37675e2	5.10244e1	7.38887e1	7.9198064e-2	1.1993347e1	7.1883440e-1	
2021-02-16	15:27:23	5.45056e2	5.10274e1	7.38872e1	7.9945554e-2	1.1992508e1	7.2372388e-1	
2021-02-16	15:27:24	5.44735e2	5.10339e1	7.38860e1	7.9911999e-2	1.1980758e1	7.2348999e-1	
2021-02-16	15:27:24	5.39490e2	5.10371e1	7.38884e1	7.9380369e-2	1.1989990e1	7.3418240e-1	
2021-02-16	15:27:25	5.38282e2	5.10468e1	7.38752e1	7.9256010e-2	1.1990829e1	7.4105958e-1	
2021-02-16	15:27:25	5.36780e2	5.10532e1	7.38787e1	7.9102153e-2	1.1980758e1	7.2530784e-1	
2021-02-16	15:27:26	5.34697e2	5.10596e1	7.38929e1	7.8888902e-2	1.1986633e1	7.1791796e-1	
2021-02-16	15:27:26	5.32178e2	5.10661e1	7.38864e1	7.8630614e-2	1.1987472e1	7.2582378e-1	
2021-02-16	15:27:27	5.24786e2	5.10726e1	7.38877e1	7.7871141e-2	1.1981598e1	7.1776752e-1	
2021-02-16	15:27:27	5.19477e2	5.10856e1	7.38929e1	7.7321076e-2	1.1979919e1	7.3522453e-1	
2021-02-16	15:27:28	5.16705e2	5.10954e1	7.38744e1	7.7032155e-2	1.1999221e1	7.4421291e-1	
2021-02-16	15:27:28	5.11240e2	5.10986e1	7.38805e1	7.6463108e-2	1.2018524e1	7.2315282e-1	
2021-02-16	15:27:29	5.07166e2	5.10985e1	7.38919e1	7.6037206e-2	1.1994186e1	7.2224187e-1	
2021-02-16	15:27:29	5.04226e2	5.11017e1	7.38854e1	7.5728273e-2	1.1986633e1	7.2810039e-1	
2021-02-16	15:27:30	5.01726e2	5.11114e1	7.38917e1	7.5463733e-2	1.1984955e1	7.1545820e-1	
2021-02-16	15:27:30	5.03841e2	5.11212e1	7.38962e1	7.5684642e-2	1.1980758e1	7.3334369e-1	
2021-02-16	15:27:31	5.06637e2	5.11277e1	7.38762e1	7.5977034e-2	1.2010132e1	7.4263305e-1	
2021-02-16	15:27:31	5.07942e2	5.11343e1	7.38854e1	7.6112656e-2	1.1981598e1	7.2350907e-1	
2021-02-16	15:27:32	5.10284e2	5.11441e1	7.38929e1	7.6355819e-2	1.1984955e1	7.3166747e-1	
2021-02-16	15:27:32	5.08155e2	5.11506e1	7.38759e1	7.6132183e-2	1.1991668e1	7.4115395e-1	
2021-02-16	15:27:33	5.03295e2	5.11603e1	7.38884e1	7.5620946e-2	1.1979080e1	7.1489543e-1	
2021-02-16	15:27:33	5.01427e2	5.11701e1	7.39002e1	7.5422706e-2	1.1979919e1	7.2963294e-1	
2021-02-16	15:27:34	5.00454e2	5.11734e1	7.38789e1	7.5319671e-2	1.1995025e1	7.4811511e-1	
2021-02-16	15:27:34	4.99494e2	5.11799e1	7.38807e1	7.5217380e-2	1.1988311e1	7.2493324e-1	
2021-02-16	15:27:35	5.03515e2	5.11831e1	7.38977e1	7.5640287e-2	1.1995025e1	7.2057480e-1	
2021-02-16	15:27:35	5.10048e2	5.11864e1	7.38860e1	7.6324234e-2	1.1986633e1	7.2969713e-1	
2021-02-16	15:27:36	5.11193e2	5.12028e1	7.38889e1	7.6441020e-2	1.1979080e1	7.1645379e-1	
2021-02-16	15:27:36	5.08681e2	5.12093e1	7.38994e1	7.6177597e-2	1.1988311e1	7.3520507e-1	
2021-02-16	15:27:37	5.04899e2	5.12093e1	7.38752e1	7.5781373e-2	1.1995865e1	7.4818792e-1	
2021-02-16	15:27:37	5.02308e2	5.12191e1	7.38822e1	7.5507488e-2	1.1985794e1	7.2165536e-1	
2021-02-16	15:27:38	5.03769e2	5.12257e1	7.38970e1	7.5660061e-2	1.2005935e1	7.3065614e-1	
2021-02-16	15:27:38	5.07146e2	5.12289e1	7.38805e1	7.6013731e-2	1.1991668e1	7.4208588e-1	
2021-02-16	15:27:39	5.09388e2	5.12421e1	7.38892e1	7.6246094e-2	1.1980758e1	7.1676797e-1	
2021-02-16	15:27:39	5.10487e2	5.12520e1	7.39012e1	7.6359329e-2	1.1987472e1	7.2448868e-1	
2021-02-16	15:27:40	5.10218e2	5.12585e1	7.38840e1	7.6330080e-2	1.2005935e1	7.4399733e-1	
2021-02-16	15:27:40	5.03230e2	5.12684e1	7.38812e1	7.5596418e-2	1.2004257e1	7.3110647e-1	
2021-02-16	15:27:41	4.96116e2	5.12717e1	7.38922e1	7.4845385e-2	1.1994186e1	7.2564959e-1	
2021-02-16	15:27:41	4.96549e2	5.12783e1	7.38837e1	7.4890131e-2	1.1987472e1	7.3592271e-1	
2021-02-16	15:27:42	4.97501e2	5.12881e1	7.38902e1	7.4989247e-2	1.1980758e1	7.1916179e-1	
2021-02-16	15:27:42	4.97017e2	5.12947e1	7.38994e1	7.4937057e-2	1.2000900e1	7.3639287e-1	
2021-02-16	15:27:43	4.96011e2	5.12980e1	7.38772e1	7.4830060e-2	1.1994186e1	7.4800071e-1	
2021-02-16	15:27:43	4.95838e2	5.13046e1	7.38840e1	7.4810600e-2	1.1994186e1	7.2031660e-1	
2021-02-16	15:27:44	4.96983e2	5.13178e1	7.39027e1	7.4929623e-2	1.1983276e1	7.2899179e-1	
2021-02-16	15:27:44	4.97559e2	5.13178e1	7.38824e1	7.4990615e-2	1.2012649e1	7.4424357e-1	
2021-02-16	15:27:45	4.96181e2	5.13178e1	7.38864e1	7.4844765e-2	1.1987472e1	7.2397584e-1	
2021-02-16	15:27:45	4.94906e2	5.13310e1	7.39020e1	7.4707660e-2	1.1981598e1	7.2146854e-1	
2021-02-16	15:27:46	4.95500e2	5.13377e1	7.38912e1	7.4769535e-2	1.1983276e1	7.4642186e-1	
2021-02-16	15:27:46	4.96057e2	5.13410e1	7.38727e1	7.4827966e-2	1.2007614e1	7.4389228e-1	
2021-02-16	15:27:47	4.93797e2	5.13509e1	7.38942e1	7.4586839e-2	1.1979919e1	7.1552963e-1	
2021-02-16	15:27:47	4.93127e2	5.13509e1	7.39024e1	7.4515700e-2	1.1987472e1	7.1995596e-1	
2021-02-16	15:27:48	4.95229e2	5.13542e1	7.38897e1	7.4738092e-2	1.1979080e1	7.3455772e-1	
2021-02-16	15:27:48	4.94938e2	5.13608e1	7.38912e1	7.4706225e-2	1.1983276e1	7.3246073e-1	
2021-02-16	15:27:49	4.93887e2	5.13641e1	7.38862e1	7.4594187e-2	1.1992508e1	7.4338216e-1	
2021-02-16	15:27:49	4.93164e2	5.13675e1	7.38799e1	7.4516944e-2	1.1985794e1	7.3727664e-1	
2021-02-16	15:27:50	4.92526e2	5.13708e1	7.38939e1	7.4448642e-2	1.1990829e1	7.2413759e-1	
2021-02-16	15:27:50	4.90335e2	5.13741e1	7.38942e1	7.4215083e-2	1.1974884e1	7.2656002e-1	
2021-02-16	15:27:51	4.90119e2	5.13741e1	7.38915e1	7.4192023e-2	1.2018524e1	7.2300310e-1	
2021-02-16	15:27:51	4.92736e2	5.13774e1	7.38949e1	7.4469828e-2	1.1996704e1	7.4166731e-1	
2021-02-16	15:27:52	4.93642e2	5.13774e1	7.38785e1	7.4566102e-2	1.2010971e1	7.4668431e-1	
2021-02-16	15:27:52	4.94390e2	5.13774e1	7.38824e1	7.4645462e-2	1.1987472e1	7.2740406e-1	
2021-02-16	15:27:53	4.98528e2	5.13807e1	7.38962e1	7.5082774e-2	1.1997543e1	7.3476343e-1	
2021-02-16	15:27:53	5.02136e2	5.13807e1	7.38787e1	7.5463056e-2	1.2005935e1	7.4356389e-1	
2021-02-16	15:27:54	4.97998e2	5.13807e1	7.38917e1	7.5026822e-2	1.1989151e1	7.1504158e-1	
2021-02-16	15:27:54	4.92770e2	5.13807e1	7.39045e1	7.4472990e-2	1.2021042e1	7.3010735e-1	
2021-02-16	15:27:55	4.92882e2	5.13774e1	7.38827e1	7.4485406e-2	1.2009292e1	7.5408577e-1	
2021-02-16	15:27:55	4.97432e2	5.13874e1	7.38794e1	7.4965915e-2	1.1996704e1	7.3201475e-1	
2021-02-16	15:27:56	4.98755e2	5.13907e1	7.39002e1	7.5105071e-2	1.2003418e1	7.2057781e-1	
2021-02-16	15:27:56	4.95375e2	5.13940e1	7.38915e1	7.4747133e-2	1.1994186e1	7.3468036e-1	
2021-02-16	15:27:57	4.93121e2	5.13940e1	7.38902e1	7.4508066e-2	1.2000061e1	7.2341375e-1	
2021-02-16	15:27:57	4.90599e2	5.13907e1	7.38967e1	7.4240469e-2	1.2007614e1	7.4456291e-1	
2021-02-16	15:27:58	4.88507e2	5.13907e1	7.38767e1	7.4017610e-2	1.2021881e1	7.4845399e-1	
2021-02-16	15:27:58	4.86769e2	5.13940e1	7.38844e1	7.3831520e-2	1.1999221e1	7.2236309e-1	
2021-02-16	15:27:59	4.85589e2	5.13940e1	7.38987e1	7.3705348e-2	1.2005096e1	7.3075871e-1	
2021-02-16	15:27:59	4.86746e2	5.13940e1	7.38840e1	7.3829050e-2	1.2016845e1	7.4506182e-1	
2021-02-16	15:28:00	4.88047e2	5.13940e1	7.38872e1	7.3968024e-2	1.2014328e1	7.2651996e-1	
2021-02-16	15:28:00	4.88693e2	5.13973e1	7.39007e1	7.4036397e-2	1.2018524e1	7.2182726e-1	
2021-02-16	15:28:01	4.87939e2	5.13973e1	7.38945e1	7.3955907e-2	1.2019363e1	7.4770259e-1	
2021-02-16	15:28:01	4.84575e2	5.14007e1	7.38740e1	7.3595733e-2	1.2021042e1	7.4418215e-1	
2021-02-16	15:28:02	4.82543e2	5.14040e1	7.38942e1	7.3377299e-2	1.2014328e1	7.1879076e-1	
2021-02-16	15:28:02	4.83824e2	5.14073e1	7.38994e1	7.3514199e-2	1.2029434e1	7.3220515e-1	
2021-02-16	15:28:03	4.85574e2	5.14073e1	7.38835e1	7.3701624e-2	1.2012649e1	7.3740100e-1	
2021-02-16	15:28:03	4.85383e2	5.14040e1	7.38937e1	7.3681678e-2	1.2021042e1	7.3169493e-1	
2021-02-16	15:28:04	4.84663e2	5.14040e1	7.38880e1	7.3604583e-2	1.2010971e1	7.4388084e-1	
2021-02-16	15:28:04	4.84653e2	5.14106e1	7.38830e1	7.3602504e-2	1.2010971e1	7.3635244e-1	
2021-02-16	15:28:05	4.85011e2	5.14106e1	7.38934e1	7.3640756e-2	1.2025238e1	7.2588090e-1	
2021-02-16	15:28:05	4.85783e2	5.14073e1	7.38929e1	7.3723926e-2	1.2014328e1	7.2951431e-1	
2021-02-16	15:28:06	4.83422e2	5.14040e1	7.38922e1	7.3471603e-2	1.2019363e1	7.2657775e-1	
2021-02-16	15:28:06	4.79603e2	5.14040e1	7.38984e1	7.3061318e-2	1.2027755e1	7.4065585e-1	
2021-02-16	15:28:07	4.79625e2	5.14073e1	7.38812e1	7.3063225e-2	1.2026077e1	7.4721717e-1	
2021-02-16	15:28:07	4.81495e2	5.14139e1	7.38870e1	7.3263168e-2	1.2021042e1	7.2456545e-1	
2021-02-16	15:28:08	4.82079e2	5.14106e1	7.39007e1	7.3326520e-2	1.2024399e1	7.3347434e-1	
2021-02-16	15:28:08	4.83261e2	5.14106e1	7.38830e1	7.3453311e-2	1.2030273e1	7.4204025e-1	
2021-02-16	15:28:09	4.79484e2	5.14139e1	7.38972e1	7.3046894e-2	1.2025238e1	7.1627621e-1	
2021-02-16	15:28:09	4.72990e2	5.14139e1	7.39055e1	7.2345423e-2	1.2015167e1	7.2961969e-1	
2021-02-16	15:28:10	4.72352e2	5.14139e1	7.38860e1	7.2276248e-2	1.2026916e1	7.5540266e-1	
2021-02-16	15:28:10	4.74877e2	5.14139e1	7.38787e1	7.2549829e-2	1.2042024e1	7.3285341e-1	
2021-02-16	15:28:11	4.75519e2	5.14139e1	7.39039e1	7.2619204e-2	1.2017685e1	7.1849226e-1	
2021-02-16	15:28:11	4.73144e2	5.14139e1	7.38962e1	7.2362117e-2	1.2032792e1	7.3227977e-1	
2021-02-16	15:28:12	4.69505e2	5.14206e1	7.38917e1	7.1965970e-2	1.2031953e1	7.2540121e-1	
2021-02-16	15:28:12	4.67244e2	5.14206e1	7.38964e1	7.1719813e-2	1.2020202e1	7.4382667e-1	
2021-02-16	15:28:13	4.68056e2	5.14206e1	7.38812e1	7.1808338e-2	1.2043702e1	7.4721078e-1	
2021-02-16	15:28:13	4.68655e2	5.14173e1	7.38917e1	7.1874046e-2	1.2048738e1	7.2239589e-1	
2021-02-16	15:28:14	4.67320e2	5.14173e1	7.39039e1	7.1728558e-2	1.2032792e1	7.3227362e-1	
2021-02-16	15:28:14	4.67389e2	5.14173e1	7.38844e1	7.1736092e-2	1.2036149e1	7.4458379e-1	
2021-02-16	15:28:15	4.73624e2	5.14239e1	7.38922e1	7.2412538e-2	1.2022720e1	7.2190561e-1	
2021-02-16	15:28:15	4.76046e2	5.14272e1	7.39067e1	7.2674026e-2	1.2024399e1	7.3133592e-1	
2021-02-16	15:28:16	4.68763e2	5.14239e1	7.38844e1	7.1884779e-2	1.2043702e1	7.4869852e-1	
2021-02-16	15:28:16	4.64447e2	5.14206e1	7.38880e1	7.1414418e-2	1.2031114e1	7.2630510e-1	
2021-02-16	15:28:17	4.65128e2	5.14173e1	7.39024e1	7.1489329e-2	1.2026077e1	7.2884826e-1	
2021-02-16	15:28:17	4.64897e2	5.14140e1	7.38892e1	7.1464657e-2	1.2045381e1	7.3832087e-1	
2021-02-16	15:28:18	4.61406e2	5.14140e1	7.38922e1	7.1082344e-2	1.2053773e1	7.1999015e-1	
2021-02-16	15:28:18	4.58320e2	5.14140e1	7.39022e1	7.0743250e-2	1.2048738e1	7.3730092e-1	
2021-02-16	15:28:19	4.56606e2	5.14206e1	7.38817e1	7.0553436e-2	1.2055451e1	7.5130319e-1	
2021-02-16	15:28:19	4.54585e2	5.14239e1	7.38864e1	7.0329818e-2	1.2035310e1	7.2545070e-1	
2021-02-16	15:28:20	4.53363e2	5.14206e1	7.39004e1	7.0195169e-2	1.2039506e1	7.3311185e-1	
2021-02-16	15:28:20	4.53525e2	5.14239e1	7.38837e1	7.0212574e-2	1.2050416e1	7.4416728e-1	
2021-02-16	15:28:21	4.52611e2	5.14206e1	7.38932e1	7.0111937e-2	1.2047898e1	7.1595234e-1	
2021-02-16	15:28:21	4.51508e2	5.14173e1	7.39059e1	6.9990248e-2	1.2048738e1	7.3214206e-1	
2021-02-16	15:28:22	4.50813e2	5.14206e1	7.38840e1	6.9912743e-2	1.2058808e1	7.5409884e-1	
2021-02-16	15:28:22	4.49462e2	5.14206e1	7.38827e1	6.9762678e-2	1.2044541e1	7.3099846e-1	
2021-02-16	15:28:23	4.47661e2	5.14173e1	7.39022e1	6.9562916e-2	1.2050416e1	7.2168388e-1	
2021-02-16	15:28:23	4.45773e2	5.14239e1	7.38917e1	6.9351568e-2	1.2051255e1	7.3439793e-1	
2021-02-16	15:28:24	4.43332e2	5.14239e1	7.38917e1	6.9078912e-2	1.2051255e1	7.2533950e-1	
2021-02-16	15:28:24	4.41370e2	5.14173e1	7.38929e1	6.8860225e-2	1.2036988e1	7.4687747e-1	
2021-02-16	15:28:25	4.41562e2	5.14206e1	7.38767e1	6.8881273e-2	1.2052094e1	7.4905195e-1	
2021-02-16	15:28:25	4.40666e2	5.14206e1	7.38884e1	6.8780803e-2	1.2049577e1	7.2448039e-1	
2021-02-16	15:28:26	4.39657e2	5.14206e1	7.39004e1	6.8667516e-2	1.2041184e1	7.3254799e-1	
2021-02-16	15:28:26	4.38864e2	5.14239e1	7.38850e1	6.8577966e-2	1.2045381e1	7.4495229e-1	
2021-02-16	15:28:27	4.38351e2	5.14206e1	7.38927e1	6.8520779e-2	1.2047059e1	7.2114410e-1	
2021-02-16	15:28:27	4.40565e2	5.14206e1	7.39062e1	6.8769483e-2	1.2050416e1	7.2826719e-1	
2021-02-16	15:28:28	4.44191e2	5.14173e1	7.38854e1	6.9175910e-2	1.2051255e1	7.4795284e-1	
2021-02-16	15:28:28	4.44382e2	5.14173e1	7.38850e1	6.9197268e-2	1.2052934e1	7.3167486e-1	
2021-02-16	15:28:29	4.41723e2	5.14173e1	7.38990e1	6.8899831e-2	1.2049577e1	7.2391486e-1	
2021-02-16	15:28:29	4.40603e2	5.14140e1	7.38927e1	6.8774752e-2	1.2066361e1	7.3279190e-1	
2021-02-16	15:28:30	4.38276e2	5.14206e1	7.38947e1	6.8512387e-2	1.2049577e1	7.2157530e-1	
2021-02-16	15:28:30	4.34776e2	5.14206e1	7.38987e1	6.8118028e-2	1.2082307e1	7.4347734e-1	
2021-02-16	15:28:31	4.33336e2	5.14206e1	7.38792e1	6.7955350e-2	1.2073915e1	7.4726448e-1	
2021-02-16	15:28:31	4.33608e2	5.14206e1	7.38899e1	6.7986102e-2	1.2051255e1	7.2267241e-1	
2021-02-16	15:28:32	4.35509e2	5.14206e1	7.39010e1	6.8200721e-2	1.2054612e1	7.3278946e-1	
2021-02-16	15:28:32	4.36149e2	5.14173e1	7.38805e1	6.8273425e-2	1.2058808e1	7.4542541e-1	
2021-02-16	15:28:33	4.33881e2	5.14139e1	7.38902e1	6.8017888e-2	1.2063844e1	7.2310028e-1	
2021-02-16	15:28:33	4.30583e2	5.14106e1	7.39045e1	6.7645025e-2	1.2076432e1	7.2957158e-1	
2021-02-16	15:28:34	4.28413e2	5.14139e1	7.38874e1	6.7398128e-2	1.2073915e1	7.4746804e-1	
2021-02-16	15:28:34	4.27304e2	5.14139e1	7.38837e1	6.7272081e-2	1.2060487e1	7.3456621e-1	
2021-02-16	15:28:35	4.25616e2	5.14139e1	7.38984e1	6.7079696e-2	1.2077271e1	7.2537651e-1	
2021-02-16	15:28:35	4.24849e2	5.14106e1	7.38947e1	6.6992688e-2	1.2055451e1	7.3110618e-1	
2021-02-16	15:28:36	4.26084e2	5.14106e1	7.38967e1	6.7133612e-2	1.2060487e1	7.2197575e-1	
2021-02-16	15:28:36	4.30439e2	5.14106e1	7.38987e1	6.7628717e-2	1.2053773e1	7.4332566e-1	
2021-02-16	15:28:37	4.33780e2	5.14073e1	7.38797e1	6.8007469e-2	1.2070558e1	7.4750404e-1	
2021-02-16	15:28:37	4.32364e2	5.14073e1	7.38895e1	6.7847433e-2	1.2062165e1	7.2204184e-1	
2021-02-16	15:28:38	4.28799e2	5.14106e1	7.39022e1	6.7442507e-2	1.2057969e1	7.3194913e-1	
2021-02-16	15:28:38	4.24689e2	5.14173e1	7.38857e1	6.6973419e-2	1.2071397e1	7.4224781e-1	
2021-02-16	15:28:39	4.21257e2	5.14139e1	7.38960e1	6.6581439e-2	1.2077271e1	7.1527962e-1	
2021-02-16	15:28:39	4.21071e2	5.14106e1	7.39082e1	6.6560626e-2	1.2061326e1	7.3072423e-1	
2021-02-16	15:28:40	4.23736e2	5.14106e1	7.38830e1	6.6865592e-2	1.2083985e1	7.5456752e-1	
2021-02-16	15:28:40	4.24778e2	5.14106e1	7.38809e1	6.6984629e-2	1.2078111e1	7.3027973e-1	
2021-02-16	15:28:41	4.26121e2	5.14139e1	7.39039e1	6.7137308e-2	1.2061326e1	7.2470002e-1	
2021-02-16	15:28:41	4.29637e2	5.14073e1	7.38910e1	6.7538266e-2	1.2060487e1	7.3448600e-1	
2021-02-16	15:28:42	4.26772e2	5.14040e1	7.38919e1	6.7213010e-2	1.2063844e1	7.2089595e-1	
2021-02-16	15:28:42	4.20244e2	5.14039e1	7.39010e1	6.6466736e-2	1.2073075e1	7.4277887e-1	
2021-02-16	15:28:43	4.16318e2	5.14040e1	7.38792e1	6.6015357e-2	1.2086503e1	7.4878854e-1	
2021-02-16	15:28:43	4.14209e2	5.14040e1	7.38905e1	6.5772056e-2	1.2069718e1	7.1876783e-1	
2021-02-16	15:28:44	4.14832e2	5.14073e1	7.39055e1	6.5843534e-2	1.2082307e1	7.3148989e-1	
2021-02-16	15:28:44	4.16600e2	5.14106e1	7.38830e1	6.6046886e-2	1.2074754e1	7.4760079e-1	
2021-02-16	15:28:45	4.15955e2	5.14106e1	7.38860e1	6.5972590e-2	1.2074754e1	7.2768187e-1	
2021-02-16	15:28:45	4.14437e2	5.14040e1	7.39017e1	6.5798454e-2	1.2085664e1	7.2772054e-1	
2021-02-16	15:28:46	4.15803e2	5.14073e1	7.38892e1	6.5955543e-2	1.2073075e1	7.4622859e-1	
2021-02-16	15:28:46	4.16427e2	5.14039e1	7.38830e1	6.6027984e-2	1.2073915e1	7.3437209e-1	
2021-02-16	15:28:47	4.17797e2	5.14039e1	7.38964e1	6.6185688e-2	1.2068879e1	7.2520360e-1	
2021-02-16	15:28:47	4.23820e2	5.14039e1	7.38934e1	6.6876168e-2	1.2063004e1	7.2890357e-1	
2021-02-16	15:28:48	4.28832e2	5.14039e1	7.38925e1	6.7447271e-2	1.2099092e1	7.2512602e-1	
2021-02-16	15:28:48	4.26879e2	5.14039e1	7.38975e1	6.7225170e-2	1.2058808e1	7.4279651e-1	
2021-02-16	15:28:49	4.26857e2	5.14039e1	7.38802e1	6.7222623e-2	1.2079789e1	7.4755811e-1	
2021-02-16	15:28:49	4.27883e2	5.14006e1	7.38895e1	6.7339849e-2	1.2068879e1	7.2383651e-1	
2021-02-16	15:28:50	4.26912e2	5.14006e1	7.39012e1	6.7229418e-2	1.2080628e1	7.3307061e-1	
2021-02-16	15:28:50	4.27957e2	5.13973e1	7.38822e1	6.7348809e-2	1.2090699e1	7.4300603e-1	
2021-02-16	15:28:51	4.30833e2	5.14039e1	7.38912e1	6.7674455e-2	1.2070558e1	7.1937208e-1	
2021-02-16	15:28:51	4.31329e2	5.14039e1	7.39055e1	6.7730617e-2	1.2073075e1	7.3206796e-1	
2021-02-16	15:28:52	4.28339e2	5.14039e1	7.38815e1	6.7391309e-2	1.2081468e1	7.4979357e-1	
2021-02-16	15:28:52	4.25637e2	5.14006e1	7.38847e1	6.7084159e-2	1.2081468e1	7.2962360e-1	
2021-02-16	15:28:53	4.24779e2	5.13940e1	7.38980e1	6.6987276e-2	1.2064683e1	7.2756462e-1	
2021-02-16	15:28:53	4.25965e2	5.13973e1	7.38884e1	6.7121953e-2	1.2079789e1	7.3614778e-1	
2021-02-16	15:28:54	4.25202e2	5.13973e1	7.38929e1	6.7034988e-2	1.2076432e1	7.2079324e-1	
2021-02-16	15:28:54	4.23559e2	5.14006e1	7.39037e1	6.6846852e-2	1.2072236e1	7.3681855e-1	
2021-02-16	15:28:55	4.18878e2	5.14006e1	7.38797e1	6.6310458e-2	1.2104966e1	7.5010342e-1	
2021-02-16	15:28:55	4.10599e2	5.13940e1	7.38850e1	6.5355739e-2	1.2071397e1	7.2564888e-1	
2021-02-16	15:28:56	4.10247e2	5.13973e1	7.38997e1	6.5314407e-2	1.2076432e1	7.2722649e-1	
2021-02-16	15:28:56	4.12327e2	5.13940e1	7.38882e1	6.5555977e-2	1.2073915e1	7.3578495e-1	
2021-02-16	15:28:57	4.09232e2	5.13940e1	7.38922e1	6.5197105e-2	1.2073075e1	7.2120761e-1	
2021-02-16	15:28:57	4.07328e2	5.13940e1	7.39002e1	6.4975643e-2	1.2071397e1	7.3729515e-1	
2021-02-16	15:28:58	4.08576e2	5.13940e1	7.38802e1	6.5120882e-2	1.2092378e1	7.5034527e-1	
2021-02-16	15:28:58	4.09322e2	5.13940e1	7.38847e1	6.5207548e-2	1.2089860e1	7.2584443e-1	
2021-02-16	15:28:59	4.05286e2	5.13940e1	7.38994e1	6.4737691e-2	1.2079789e1	7.2672343e-1	
2021-02-16	15:28:59	4.03731e2	5.13940e1	7.38887e1	6.4556121e-2	1.2073915e1	7.3378634e-1	
2021-02-16	15:29:00	4.05848e2	5.13940e1	7.38929e1	6.4803194e-2	1.2087342e1	7.2038221e-1	
2021-02-16	15:29:00	4.06844e2	5.13940e1	7.38970e1	6.4919347e-2	1.2087342e1	7.4152603e-1	
2021-02-16	15:29:01	4.06883e2	5.13906e1	7.38762e1	6.4924354e-2	1.2093217e1	7.4861531e-1	
2021-02-16	15:29:01	4.04750e2	5.13873e1	7.38872e1	6.4676136e-2	1.2074754e1	7.1946997e-1	
2021-02-16	15:29:02	4.03747e2	5.13840e1	7.39002e1	6.4559392e-2	1.2093217e1	7.3103380e-1	
2021-02-16	15:29:02	4.04052e2	5.13907e1	7.38815e1	6.4594039e-2	1.2084825e1	7.4460268e-1	
2021-02-16	15:29:03	4.04901e2	5.13907e1	7.38915e1	6.4693236e-2	1.2078950e1	7.1844892e-1	
2021-02-16	15:29:03	4.06709e2	5.13873e1	7.39024e1	6.4904518e-2	1.2079789e1	7.3048906e-1	
2021-02-16	15:29:04	4.07157e2	5.13906e1	7.38799e1	6.4956293e-2	1.2095735e1	7.5038414e-1	
2021-02-16	15:29:04	4.05645e2	5.13873e1	7.38797e1	6.4780526e-2	1.2073915e1	7.2818479e-1	
2021-02-16	15:29:05	4.03999e2	5.13873e1	7.38975e1	6.4588308e-2	1.2080628e1	7.2700481e-1	
2021-02-16	15:29:05	4.04821e2	5.13873e1	7.38889e1	6.4684395e-2	1.2077271e1	7.3434228e-1	
2021-02-16	15:29:06	4.04657e2	5.13873e1	7.38932e1	6.4665184e-2	1.2078111e1	7.1944074e-1	
2021-02-16	15:29:06	4.11849e2	5.13807e1	7.38975e1	6.5502557e-2	1.2099931e1	7.4243998e-1	
2021-02-16	15:29:07	4.27084e2	5.13807e1	7.38734e1	6.7251987e-2	1.2090699e1	7.4932904e-1	
2021-02-16	15:29:07	4.31679e2	5.13807e1	7.38880e1	6.7773842e-2	1.2075593e1	7.1971035e-1	
2021-02-16	15:29:08	4.38497e2	5.13774e1	7.39007e1	6.8543729e-2	1.2092378e1	7.3142347e-1	
2021-02-16	15:29:08	4.53758e2	5.13774e1	7.38827e1	7.0245599e-2	1.2094895e1	7.4315538e-1	
2021-02-16	15:29:09	4.55774e2	5.13807e1	7.38905e1	7.0467801e-2	1.2083985e1	7.1598582e-1	
2021-02-16	15:29:09	4.42747e2	5.13807e1	7.39052e1	6.9020004e-2	1.2083985e1	7.3051404e-1	
2021-02-16	15:29:10	4.29351e2	5.13807e1	7.38827e1	6.7509784e-2	1.2089860e1	7.5166840e-1	
2021-02-16	15:29:10	4.20243e2	5.13774e1	7.38809e1	6.6470599e-2	1.2088181e1	7.2881746e-1	
2021-02-16	15:29:11	4.12621e2	5.13741e1	7.39010e1	6.5592951e-2	1.2087342e1	7.2308664e-1	
2021-02-16	15:29:11	4.08681e2	5.13741e1	7.38889e1	6.5135946e-2	1.2083146e1	7.3246407e-1	
2021-02-16	15:29:12	4.06905e2	5.13774e1	7.38922e1	6.4928774e-2	1.2075593e1	7.2221250e-1	
2021-02-16	15:29:12	4.06020e2	5.13741e1	7.38977e1	6.4826130e-2	1.2079789e1	7.4262857e-1	
2021-02-16	15:29:13	4.08295e2	5.13774e1	7.38732e1	6.5090656e-2	1.2090699e1	7.4934911e-1	
2021-02-16	15:29:13	4.13295e2	5.13741e1	7.38854e1	6.5670881e-2	1.2083985e1	7.1964416e-1	
2021-02-16	15:29:14	4.14023e2	5.13708e1	7.39014e1	6.5755472e-2	1.2082307e1	7.2991476e-1	
2021-02-16	15:29:14	4.08262e2	5.13741e1	7.38840e1	6.5087232e-2	1.2088181e1	7.4529428e-1	
2021-02-16	15:29:15	4.07120e2	5.13741e1	7.38852e1	6.4954290e-2	1.2083146e1	7.2755713e-1	
2021-02-16	15:29:15	4.10933e2	5.13741e1	7.39004e1	6.5397334e-2	1.2076432e1	7.1908116e-1	
2021-02-16	15:29:16	4.12070e2	5.13741e1	7.38947e1	6.5529160e-2	1.2078111e1	7.4175081e-1	
2021-02-16	15:29:16	4.12453e2	5.13708e1	7.38747e1	6.5573983e-2	1.2093217e1	7.4560575e-1	
2021-02-16	15:29:17	4.10874e2	5.13708e1	7.38915e1	6.5391011e-2	1.2077271e1	7.1883082e-1	
2021-02-16	15:29:17	4.08783e2	5.13708e1	7.38987e1	6.5148329e-2	1.2076432e1	7.2444176e-1	
2021-02-16	15:29:18	4.08509e2	5.13708e1	7.38867e1	6.5116443e-2	1.2083985e1	7.3623867e-1	
2021-02-16	15:29:18	4.07364e2	5.13674e1	7.38919e1	6.4983692e-2	1.2087342e1	7.2907266e-1	
2021-02-16	15:29:19	4.29622e2	5.13675e1	7.38897e1	6.7542481e-2	1.2083146e1	7.4183292e-1	
2021-02-16	15:29:19	4.70911e2	5.13675e1	7.38812e1	7.2127275e-2	1.2100770e1	7.3831262e-1	
2021-02-16	15:29:20	4.83626e2	5.13707e1	7.38922e1	7.3498830e-2	1.2090699e1	7.2066855e-1	
2021-02-16	15:29:20	4.63864e2	5.13741e1	7.38932e1	7.1357851e-2	1.2073075e1	7.2769212e-1	
2021-02-16	15:29:21	4.41933e2	5.13707e1	7.38882e1	6.8930358e-2	1.2083146e1	7.3067526e-1	
2021-02-16	15:29:21	4.31435e2	5.13641e1	7.38919e1	6.7748613e-2	1.2080628e1	7.3927030e-1	
2021-02-16	15:29:22	4.27569e2	5.13674e1	7.38787e1	6.7309165e-2	1.2090699e1	7.4675731e-1	
2021-02-16	15:29:22	4.28652e2	5.13641e1	7.38840e1	6.7432775e-2	1.2078950e1	7.2800893e-1	
2021-02-16	15:29:23	4.28967e2	5.13641e1	7.38960e1	6.7468576e-2	1.2093217e1	7.2651519e-1	
2021-02-16	15:29:23	4.25627e2	5.13707e1	7.38872e1	6.7087440e-2	1.2086503e1	7.3249197e-1	
2021-02-16	15:29:24	4.23898e2	5.13674e1	7.38927e1	6.6890602e-2	1.2081468e1	7.2240533e-1	
2021-02-16	15:29:24	4.26194e2	5.13641e1	7.38970e1	6.7153091e-2	1.2076432e1	7.4587159e-1	
2021-02-16	15:29:25	4.29870e2	5.13641e1	7.38730e1	6.7571163e-2	1.2096574e1	7.5006799e-1	
2021-02-16	15:29:25	4.34696e2	5.13608e1	7.38889e1	6.8117990e-2	1.2088181e1	7.1910686e-1	
2021-02-16	15:29:26	4.39136e2	5.13641e1	7.39029e1	6.8617572e-2	1.2092378e1	7.3033885e-1	
2021-02-16	15:29:26	4.39267e2	5.13641e1	7.38822e1	6.8632278e-2	1.2094895e1	7.4381084e-1	
2021-02-16	15:29:27	4.37748e2	5.13641e1	7.38872e1	6.8461561e-2	1.2083146e1	7.2331805e-1	
2021-02-16	15:29:27	4.36276e2	5.13674e1	7.39012e1	6.8295211e-2	1.2077271e1	7.2445678e-1	
2021-02-16	15:29:28	4.35202e2	5.13674e1	7.38892e1	6.8174114e-2	1.2090699e1	7.4462804e-1	
2021-02-16	15:29:28	4.33514e2	5.13608e1	7.38809e1	6.7984495e-2	1.2083985e1	7.3539137e-1	
2021-02-16	15:29:29	4.31641e2	5.13608e1	7.38937e1	6.7772479e-2	1.2079789e1	7.2367591e-1	
2021-02-16	15:29:29	4.29668e2	5.13608e1	7.38922e1	6.7548704e-2	1.2079789e1	7.2903966e-1	
2021-02-16	15:29:30	4.24001e2	5.13575e1	7.38899e1	6.6903877e-2	1.2084825e1	7.2703700e-1	
2021-02-16	15:29:30	4.19178e2	5.13575e1	7.38967e1	6.6351327e-2	1.2083985e1	7.3799190e-1	
2021-02-16	15:29:31	4.17768e2	5.13608e1	7.38809e1	6.6188745e-2	1.2099931e1	7.4640946e-1	
2021-02-16	15:29:31	4.13941e2	5.13641e1	7.38830e1	6.5746951e-2	1.2081468e1	7.2871780e-1	
2021-02-16	15:29:32	4.11596e2	5.13641e1	7.38949e1	6.5475673e-2	1.2097413e1	7.2415657e-1	
2021-02-16	15:29:32	4.13764e2	5.13674e1	7.38919e1	6.5726070e-2	1.2096574e1	7.2935028e-1	
2021-02-16	15:29:33	4.18073e2	5.13641e1	7.38929e1	6.6223316e-2	1.2082307e1	7.2284150e-1	
2021-02-16	15:29:33	4.18935e2	5.13608e1	7.38957e1	6.6322917e-2	1.2089021e1	7.4224414e-1	
2021-02-16	15:29:34	4.14964e2	5.13575e1	7.38777e1	6.5866045e-2	1.2104966e1	7.4491319e-1	
2021-02-16	15:29:34	4.10329e2	5.13608e1	7.38897e1	6.5329313e-2	1.2081468e1	7.2164721e-1	
2021-02-16	15:29:35	4.12503e2	5.13608e1	7.38987e1	6.5581140e-2	1.2084825e1	7.3147830e-1	
2021-02-16	15:29:35	4.19405e2	5.13608e1	7.38817e1	6.6376895e-2	1.2093217e1	7.4500656e-1	
2021-02-16	15:29:36	4.19104e2	5.13608e1	7.38887e1	6.6342315e-2	1.2077271e1	7.2463483e-1	
2021-02-16	15:29:36	4.16391e2	5.13575e1	7.39010e1	6.6030650e-2	1.2090699e1	7.2862911e-1	
2021-02-16	15:29:37	4.17602e2	5.13575e1	7.38850e1	6.6170148e-2	1.2101609e1	7.4430866e-1	
2021-02-16	15:29:37	4.16233e2	5.13575e1	7.38832e1	6.6012468e-2	1.2079789e1	7.2968330e-1	
2021-02-16	15:29:38	4.11551e2	5.13542e1	7.38967e1	6.5471925e-2	1.2083985e1	7.2264761e-1	
2021-02-16	15:29:38	4.11524e2	5.13509e1	7.38942e1	6.5469236e-2	1.2078111e1	7.2684154e-1	
2021-02-16	15:29:39	4.18827e2	5.13542e1	7.38899e1	6.6311502e-2	1.2084825e1	7.2383856e-1	
2021-02-16	15:29:39	4.25331e2	5.13542e1	7.38937e1	6.7056155e-2	1.2081468e1	7.4645833e-1	
2021-02-16	15:29:40	4.25725e2	5.13542e1	7.38759e1	6.7101116e-2	1.2088181e1	7.4469480e-1	
2021-02-16	15:29:40	4.24592e2	5.13575e1	7.38889e1	6.6971311e-2	1.2078111e1	7.1486968e-1	
2021-02-16	15:29:41	4.25382e2	5.13575e1	7.39020e1	6.7061514e-2	1.2076432e1	7.2834100e-1	
2021-02-16	15:29:41	4.25337e2	5.13575e1	7.38857e1	6.7056293e-2	1.2105805e1	7.5005965e-1	
2021-02-16	15:29:42	4.20983e2	5.13575e1	7.38827e1	6.6558465e-2	1.2082307e1	7.3119125e-1	
2021-02-16	15:29:42	4.16337e2	5.13542e1	7.38982e1	6.6024932e-2	1.2088181e1	7.2554845e-1	
2021-02-16	15:29:43	4.12749e2	5.13542e1	7.38917e1	6.5610675e-2	1.2083985e1	7.4083847e-1	
2021-02-16	15:29:43	4.09756e2	5.13509e1	7.38815e1	6.5264196e-2	1.2082307e1	7.3871731e-1	
2021-02-16	15:29:44	4.10137e2	5.13509e1	7.38912e1	6.5308451e-2	1.2084825e1	7.2439694e-1	
2021-02-16	15:29:44	4.14004e2	5.13443e1	7.38927e1	6.5757222e-2	1.2071397e1	7.2767024e-1	
2021-02-16	15:29:45	4.19233e2	5.13476e1	7.38910e1	6.6359043e-2	1.2078111e1	7.2876272e-1	
2021-02-16	15:29:45	4.21828e2	5.13542e1	7.38960e1	6.6655788e-2	1.2073075e1	7.3868298e-1	
2021-02-16	15:29:46	4.23182e2	5.13542e1	7.38805e1	6.6810731e-2	1.2088181e1	7.4545164e-1	
2021-02-16	15:29:46	4.21932e2	5.13542e1	7.38832e1	6.6667661e-2	1.2083985e1	7.2820110e-1	
2021-02-16	15:29:47	4.15882e2	5.13542e1	7.39010e1	6.5972509e-2	1.2081468e1	7.2377676e-1	
2021-02-16	15:29:47	4.12107e2	5.13542e1	7.38897e1	6.5536346e-2	1.2085664e1	7.3179903e-1	
2021-02-16	15:29:48	4.09225e2	5.13509e1	7.38915e1	6.5202531e-2	1.2073075e1	7.2041563e-1	
2021-02-16	15:29:48	4.07316e2	5.13509e1	7.38990e1	6.4980559e-2	1.2101609e1	7.4019765e-1	
2021-02-16	15:29:49	4.09647e2	5.13542e1	7.38779e1	6.5251140e-2	1.2099092e1	7.4497246e-1	
2021-02-16	15:29:49	4.09396e2	5.13509e1	7.38905e1	6.5222492e-2	1.2089021e1	7.2036180e-1	
2021-02-16	15:29:50	4.07549e2	5.13509e1	7.39035e1	6.5007724e-2	1.2086503e1	7.2997627e-1	
2021-02-16	15:29:50	4.07781e2	5.13542e1	7.38817e1	6.5034198e-2	1.2097413e1	7.4237565e-1	
2021-02-16	15:29:51	4.08939e2	5.13509e1	7.38947e1	6.5169329e-2	1.2089021e1	7.1338138e-1	
2021-02-16	15:29:51	4.09260e2	5.13509e1	7.39082e1	6.5206594e-2	1.2095735e1	7.2842626e-1	
2021-02-16	15:29:52	4.09439e2	5.13542e1	7.38830e1	6.5226936e-2	1.2092378e1	7.5507726e-1	
2021-02-16	15:29:52	4.11881e2	5.13509e1	7.38785e1	6.5510644e-2	1.2087342e1	7.3322100e-1	
2021-02-16	15:29:53	4.16468e2	5.13509e1	7.38984e1	6.6040487e-2	1.2073915e1	7.1959853e-1	
2021-02-16	15:29:53	4.23672e2	5.13476e1	7.38929e1	6.6867661e-2	1.2083146e1	7.3262982e-1	
2021-02-16	15:29:54	4.27909e2	5.13509e1	7.38919e1	6.7350387e-2	1.2106645e1	7.2365350e-1	
2021-02-16	15:29:54	4.26267e2	5.13509e1	7.38949e1	6.7163376e-2	1.2073075e1	7.4031286e-1	
2021-02-16	15:29:55	4.19302e2	5.13542e1	7.38789e1	6.6366014e-2	1.2089021e1	7.4585623e-1	
2021-02-16	15:29:55	4.08234e2	5.13542e1	7.38884e1	6.5086927e-2	1.2078111e1	7.2160315e-1	
2021-02-16	15:29:56	4.03444e2	5.13476e1	7.39002e1	6.4529237e-2	1.2076432e1	7.3220911e-1	
2021-02-16	15:29:56	4.05733e2	5.13443e1	7.38817e1	6.4797067e-2	1.2096574e1	7.4228072e-1	
2021-02-16	15:29:57	4.06892e2	5.13509e1	7.38960e1	6.4931159e-2	1.2074754e1	7.1505265e-1	
2021-02-16	15:29:57	4.08430e2	5.13542e1	7.39069e1	6.5109677e-2	1.2078111e1	7.2876119e-1	
2021-02-16	15:29:58	4.09955e2	5.13542e1	7.38847e1	6.5286846e-2	1.2088181e1	7.5158805e-1	
2021-02-16	15:29:58	4.09280e2	5.13509e1	7.38820e1	6.5208902e-2	1.2093217e1	7.2998595e-1	
2021-02-16	15:29:59	4.10842e2	5.13542e1	7.39027e1	6.5389800e-2	1.2070558e1	7.2206072e-1	
2021-02-16	15:29:59	4.15828e2	5.13542e1	7.38907e1	6.5966315e-2	1.2074754e1	7.3248710e-1	
2021-02-16	15:30:00	4.18141e2	5.13509e1	7.38942e1	6.6233091e-2	1.2076432e1	7.1860017e-1	
2021-02-16	15:30:00	4.15128e2	5.13509e1	7.39014e1	6.5885963e-2	1.2086503e1	7.3650145e-1	
2021-02-16	15:30:01	4.08544e2	5.13542e1	7.38815e1	6.5122928e-2	1.2089021e1	7.4472765e-1	
2021-02-16	15:30:01	4.04299e2	5.13542e1	7.38917e1	6.4628190e-2	1.2078111e1	7.2209496e-1	
2021-02-16	15:30:02	4.04476e2	5.13509e1	7.39010e1	6.4649395e-2	1.2089021e1	7.2871346e-1	
2021-02-16	15:30:02	4.06432e2	5.13509e1	7.38872e1	6.4877600e-2	1.2086503e1	7.3829269e-1	
2021-02-16	15:30:03	4.07779e2	5.13476e1	7.38912e1	6.5034961e-2	1.2078111e1	7.2184362e-1	
2021-02-16	15:30:03	4.07681e2	5.13476e1	7.39039e1	6.5023517e-2	1.2085664e1	7.2308826e-1	
2021-02-16	15:30:04	4.10062e2	5.13509e1	7.38929e1	6.5299711e-2	1.2092378e1	7.4254698e-1	
2021-02-16	15:30:04	4.13049e2	5.13542e1	7.38840e1	6.5645275e-2	1.2082307e1	7.3421196e-1	
2021-02-16	15:30:05	4.15216e2	5.13509e1	7.39002e1	6.5896186e-2	1.2073075e1	7.1719675e-1	
2021-02-16	15:30:05	4.13644e2	5.13542e1	7.38997e1	6.5714144e-2	1.2081468e1	7.2336235e-1	
2021-02-16	15:30:06	4.09891e2	5.13542e1	7.38970e1	6.5279455e-2	1.2087342e1	7.2419357e-1	
2021-02-16	15:30:06	4.07226e2	5.13443e1	7.38987e1	6.4971008e-2	1.2075593e1	7.3628549e-1	
2021-02-16	15:30:07	4.04895e2	5.13443e1	7.38847e1	6.4699316e-2	1.2088181e1	7.4488162e-1	
2021-02-16	15:30:07	4.05308e2	5.13509e1	7.38857e1	6.4746465e-2	1.2089860e1	7.3021841e-1	
2021-02-16	15:30:08	4.08516e2	5.13476e1	7.38994e1	6.5120630e-2	1.2088181e1	7.2324666e-1	
2021-02-16	15:30:08	4.10822e2	5.13476e1	7.38945e1	6.5388388e-2	1.2070558e1	7.2760353e-1	
2021-02-16	15:30:09	4.10179e2	5.13476e1	7.38925e1	6.5313816e-2	1.2081468e1	7.2602324e-1	
2021-02-16	15:30:09	4.09377e2	5.13476e1	7.38984e1	6.5220742e-2	1.2087342e1	7.4320225e-1	
2021-02-16	15:30:10	4.08871e2	5.13509e1	7.38799e1	6.5161418e-2	1.2083985e1	7.4397773e-1	
2021-02-16	15:30:10	4.08020e2	5.13509e1	7.38925e1	6.5062432e-2	1.2074754e1	7.1854977e-1	
2021-02-16	15:30:11	4.08144e2	5.13476e1	7.39029e1	6.5077371e-2	1.2087342e1	7.3186817e-1	
2021-02-16	15:30:11	4.10850e2	5.13509e1	7.38840e1	6.5391111e-2	1.2082307e1	7.4327521e-1	
2021-02-16	15:30:12	4.13106e2	5.13476e1	7.38925e1	6.5652875e-2	1.2078950e1	7.1909875e-1	
2021-02-16	15:30:12	4.13982e2	5.13476e1	7.39055e1	6.5754108e-2	1.2068879e1	7.2644453e-1	
2021-02-16	15:30:13	4.14862e2	5.13509e1	7.38847e1	6.5855274e-2	1.2078950e1	7.4658279e-1	
2021-02-16	15:30:13	4.12507e2	5.13443e1	7.38847e1	6.5584115e-2	1.2077271e1	7.3166966e-1	
2021-02-16	15:30:14	4.11113e2	5.13410e1	7.38990e1	6.5423078e-2	1.2076432e1	7.2322964e-1	
2021-02-16	15:30:14	4.11828e2	5.13443e1	7.38932e1	6.5505475e-2	1.2073915e1	7.3039364e-1	
2021-02-16	15:30:15	4.10468e2	5.13476e1	7.38957e1	6.5347394e-2	1.2097413e1	7.2068829e-1	
2021-02-16	15:30:15	4.10494e2	5.13476e1	7.39002e1	6.5350379e-2	1.2071397e1	7.3948659e-1	
2021-02-16	15:30:16	4.10281e2	5.13443e1	7.38807e1	6.5326118e-2	1.2083985e1	7.4546928e-1	
2021-02-16	15:30:16	4.07864e2	5.13443e1	7.38880e1	6.5045289e-2	1.2075593e1	7.2289361e-1	
2021-02-16	15:30:17	4.08340e2	5.13443e1	7.38990e1	6.5100698e-2	1.2068879e1	7.2864589e-1	
2021-02-16	15:30:17	4.09331e2	5.13410e1	7.38884e1	6.5216312e-2	1.2086503e1	7.3518714e-1	
2021-02-16	15:30:18	4.07976e2	5.13476e1	7.38957e1	6.5057859e-2	1.2073915e1	7.1986651e-1	
2021-02-16	15:30:18	4.07313e2	5.13476e1	7.39004e1	6.4980716e-2	1.2066361e1	7.3654470e-1	
2021-02-16	15:30:19	4.08164e2	5.13476e1	7.38812e1	6.5079736e-2	1.2086503e1	7.5040459e-1	
2021-02-16	15:30:19	4.08319e2	5.13443e1	7.38867e1	6.5098218e-2	1.2067201e1	7.2622623e-1	
2021-02-16	15:30:20	4.08705e2	5.13509e1	7.38987e1	6.5142107e-2	1.2068040e1	7.2636871e-1	
2021-02-16	15:30:20	4.09451e2	5.13476e1	7.38895e1	6.5229349e-2	1.2081468e1	7.3401184e-1	
2021-02-16	15:30:21	4.09642e2	5.13476e1	7.38927e1	6.5251522e-2	1.2073915e1	7.2003769e-1	
2021-02-16	15:30:21	4.11455e2	5.13509e1	7.39002e1	6.5461244e-2	1.2071397e1	7.3787002e-1	
2021-02-16	15:30:22	4.14439e2	5.13509e1	7.38805e1	6.5806493e-2	1.2080628e1	7.4907350e-1	
2021-02-16	15:30:22	4.16241e2	5.13509e1	7.38864e1	6.6014375e-2	1.2074754e1	7.2178869e-1	
2021-02-16	15:30:23	4.17690e2	5.13509e1	7.39017e1	6.6181211e-2	1.2071397e1	7.3222088e-1	
2021-02-16	15:30:23	4.19460e2	5.13542e1	7.38812e1	6.6384143e-2	1.2087342e1	7.4287171e-1	
2021-02-16	15:30:24	4.19982e2	5.13542e1	7.38952e1	6.6444053e-2	1.2068040e1	7.1395168e-1	
2021-02-16	15:30:24	4.22057e2	5.13509e1	7.39097e1	6.6682505e-2	1.2069718e1	7.2793507e-1	
2021-02-16	15:30:25	4.20945e2	5.13509e1	7.38835e1	6.6555061e-2	1.2083146e1	7.5016779e-1	
2021-02-16	15:30:25	4.16042e2	5.13476e1	7.38844e1	6.5991945e-2	1.2079789e1	7.2751717e-1	
2021-02-16	15:30:26	4.11449e2	5.13476e1	7.38987e1	6.5461044e-2	1.2070558e1	7.2281017e-1	
2021-02-16	15:30:26	4.08700e2	5.13509e1	7.38937e1	6.5141563e-2	1.2086503e1	7.2994718e-1	
2021-02-16	15:30:27	4.10459e2	5.13509e1	7.38947e1	6.5345816e-2	1.2079789e1	7.1898984e-1	
2021-02-16	15:30:27	4.13432e2	5.13476e1	7.39010e1	6.5690588e-2	1.2089021e1	7.3906350e-1	
2021-02-16	15:30:28	4.12670e2	5.13476e1	7.38787e1	6.5602517e-2	1.2082307e1	7.4851760e-1	
2021-02-16	15:30:28	4.09496e2	5.13509e1	7.38872e1	6.5234041e-2	1.2075593e1	7.2279977e-1	
2021-02-16	15:30:29	4.09103e2	5.13509e1	7.39004e1	6.5188350e-2	1.2078950e1	7.2927646e-1	
2021-02-16	15:30:29	4.09404e2	5.13476e1	7.38870e1	6.5223860e-2	1.2076432e1	7.3768277e-1	
2021-02-16	15:30:30	4.09069e2	5.13509e1	7.38962e1	6.5184478e-2	1.2071397e1	7.1825690e-1	
2021-02-16	15:30:30	4.09241e2	5.13476e1	7.39042e1	6.5204911e-2	1.2068879e1	7.2952842e-1	
2021-02-16	15:30:31	4.11614e2	5.13509e1	7.38847e1	6.5479698e-2	1.2081468e1	7.4711122e-1	
2021-02-16	15:30:31	4.12305e2	5.13542e1	7.38870e1	6.5559215e-2	1.2075593e1	7.2573957e-1	
2021-02-16	15:30:32	4.11614e2	5.13509e1	7.38982e1	6.5479755e-2	1.2073075e1	7.2331924e-1	
2021-02-16	15:30:32	4.14440e2	5.13476e1	7.38902e1	6.5807051e-2	1.2073075e1	7.3148827e-1	
2021-02-16	15:30:33	4.18386e2	5.13443e1	7.38939e1	6.6262254e-2	1.2069718e1	7.2188873e-1	
2021-02-16	15:30:33	4.21294e2	5.13476e1	7.38964e1	6.6595544e-2	1.2094056e1	7.4251036e-1	
2021-02-16	15:30:34	4.21350e2	5.13476e1	7.38785e1	6.6601996e-2	1.2080628e1	7.4736919e-1	
2021-02-16	15:30:34	4.20110e2	5.13542e1	7.38882e1	6.6458754e-2	1.2073915e1	7.2039232e-1	
2021-02-16	15:30:35	4.19320e2	5.13509e1	7.39010e1	6.6368556e-2	1.2082307e1	7.3180732e-1	
2021-02-16	15:30:35	4.16467e2	5.13476e1	7.38812e1	6.6040873e-2	1.2083146e1	7.4091463e-1	
2021-02-16	15:30:36	4.16416e2	5.13509e1	7.38949e1	6.6034502e-2	1.2071397e1	7.1505746e-1	
2021-02-16	15:30:36	4.19250e2	5.13542e1	7.39057e1	6.6360111e-2	1.2068040e1	7.2592682e-1	
2021-02-16	15:30:37	4.17471e2	5.13542e1	7.38842e1	6.6155462e-2	1.2084825e1	7.4897918e-1	
2021-02-16	15:30:37	4.12245e2	5.13575e1	7.38802e1	6.5551762e-2	1.2078111e1	7.3121018e-1	
2021-02-16	15:30:38	4.09116e2	5.13509e1	7.38987e1	6.5189862e-2	1.2069718e1	7.2180700e-1	
2021-02-16	15:30:38	4.11512e2	5.13476e1	7.38897e1	6.5468401e-2	1.2071397e1	7.3291521e-1	
2021-02-16	15:30:39	4.12522e2	5.13509e1	7.38929e1	6.5584902e-2	1.2073075e1	7.1999735e-1	
2021-02-16	15:30:39	4.11527e2	5.13509e1	7.38960e1	6.5469608e-2	1.2082307e1	7.4082617e-1	
2021-02-16	15:30:40	4.11773e2	5.13476e1	7.38799e1	6.5498585e-2	1.2083985e1	7.4594569e-1	
2021-02-16	15:30:40	4.11387e2	5.13509e1	7.38907e1	6.5453457e-2	1.2068040e1	7.2065401e-1	
2021-02-16	15:30:41	4.10540e2	5.13509e1	7.38980e1	6.5355195e-2	1.2066361e1	7.3171958e-1	
2021-02-16	15:30:41	4.09080e2	5.13509e1	7.38815e1	6.5185775e-2	1.2087342e1	7.4222497e-1	
2021-02-16	15:30:42	4.08191e2	5.13476e1	7.38934e1	6.5082798e-2	1.2068879e1	7.1650214e-1	
2021-02-16	15:30:42	4.08019e2	5.13476e1	7.39052e1	6.5062799e-2	1.2073915e1	7.2967805e-1	
2021-02-16	15:30:43	4.09772e2	5.13509e1	7.38835e1	6.5266065e-2	1.2091538e1	7.4896421e-1	
2021-02-16	15:30:43	4.11697e2	5.13542e1	7.38850e1	6.5488786e-2	1.2102448e1	7.2642893e-1	
2021-02-16	15:30:44	4.12187e2	5.13542e1	7.38994e1	6.5545606e-2	1.2068879e1	7.2517309e-1	
2021-02-16	15:30:44	4.12171e2	5.13575e1	7.38892e1	6.5543231e-2	1.2066361e1	7.3349437e-1	
2021-02-16	15:30:45	4.11180e2	5.13608e1	7.38922e1	6.5427932e-2	1.2075593e1	7.1992273e-1	
2021-02-16	15:30:45	4.11443e2	5.13542e1	7.38997e1	6.5459418e-2	1.2067201e1	7.3566775e-1	
2021-02-16	15:30:46	4.11600e2	5.13575e1	7.38802e1	6.5477066e-2	1.2083146e1	7.4781284e-1	
2021-02-16	15:30:46	4.10878e2	5.13542e1	7.38857e1	6.5393896e-2	1.2074754e1	7.2522120e-1	
2021-02-16	15:30:47	4.11842e2	5.13509e1	7.38962e1	6.5506100e-2	1.2069718e1	7.2235441e-1	
2021-02-16	15:30:47	4.13543e2	5.13509e1	7.38917e1	6.5702967e-2	1.2075593e1	7.2829475e-1	
2021-02-16	15:30:48	4.13971e2	5.13542e1	7.38939e1	6.5751886e-2	1.2075593e1	7.1983585e-1	
2021-02-16	15:30:48	4.13376e2	5.13575e1	7.38960e1	6.5682654e-2	1.2085664e1	7.4184823e-1	
2021-02-16	15:30:49	4.13689e2	5.13575e1	7.38757e1	6.5718889e-2	1.2083146e1	7.4609942e-1	
2021-02-16	15:30:49	4.12857e2	5.13542e1	7.38867e1	6.5623083e-2	1.2071397e1	7.2067351e-1	
2021-02-16	15:30:50	4.12016e2	5.13542e1	7.38997e1	6.5525770e-2	1.2072236e1	7.2841005e-1	
2021-02-16	15:30:50	4.12710e2	5.13542e1	7.38824e1	6.5606164e-2	1.2079789e1	7.3827829e-1	
2021-02-16	15:30:51	4.12719e2	5.13542e1	7.38880e1	6.5607142e-2	1.2068879e1	7.1944303e-1	
2021-02-16	15:30:51	4.12199e2	5.13542e1	7.39039e1	6.5546941e-2	1.2064683e1	7.2705297e-1	
2021-02-16	15:30:52	4.13622e2	5.13509e1	7.38830e1	6.5712108e-2	1.2083146e1	7.4453077e-1	
2021-02-16	15:30:52	4.14236e2	5.13476e1	7.38824e1	6.5783452e-2	1.2086503e1	7.2992558e-1	
2021-02-16	15:30:53	4.16499e2	5.13509e1	7.38952e1	6.6044096e-2	1.2089021e1	7.2184362e-1	
2021-02-16	15:30:53	4.20345e2	5.13575e1	7.38902e1	6.6485223e-2	1.2092378e1	7.3139195e-1	
2021-02-16	15:30:54	4.21844e2	5.13575e1	7.38892e1	6.6657037e-2	1.2068040e1	7.2136507e-1	
2021-02-16	15:30:54	4.22023e2	5.13542e1	7.38949e1	6.6678018e-2	1.2074754e1	7.4238500e-1	
2021-02-16	15:30:55	4.18632e2	5.13509e1	7.38747e1	6.6289482e-2	1.2079789e1	7.4802923e-1	
2021-02-16	15:30:55	4.15908e2	5.13509e1	7.38872e1	6.5975971e-2	1.2074754e1	7.2059288e-1	
2021-02-16	15:30:56	4.16265e2	5.13509e1	7.39004e1	6.6017084e-2	1.2074754e1	7.3163022e-1	
2021-02-16	15:30:56	4.16702e2	5.13509e1	7.38807e1	6.6067419e-2	1.2078950e1	7.4146866e-1	
2021-02-16	15:30:57	4.15530e2	5.13509e1	7.38949e1	6.5932440e-2	1.2072236e1	7.1399235e-1	
2021-02-16	15:30:57	4.14437e2	5.13542e1	7.39067e1	6.5805792e-2	1.2078111e1	7.2638025e-1	
2021-02-16	15:30:58	4.17884e2	5.13542e1	7.38850e1	6.6203064e-2	1.2086503e1	7.4942693e-1	
2021-02-16	15:30:58	4.21963e2	5.13608e1	7.38830e1	6.6670217e-2	1.2085664e1	7.2760200e-1	
2021-02-16	15:30:59	4.20747e2	5.13575e1	7.39007e1	6.6531419e-2	1.2068879e1	7.1937217e-1	
2021-02-16	15:30:59	4.18515e2	5.13509e1	7.38899e1	6.6276078e-2	1.2089860e1	7.3135466e-1	
2021-02-16	15:31:00	4.18119e2	5.13542e1	7.38902e1	6.6230111e-2	1.2087342e1	7.2159461e-1	
2021-02-16	15:31:00	4.17882e2	5.13542e1	7.38957e1	6.6202855e-2	1.2071397e1	7.3956627e-1	
2021-02-16	15:31:01	4.18576e2	5.13542e1	7.38789e1	6.6282629e-2	1.2089860e1	7.4409646e-1	
2021-02-16	15:31:01	4.18418e2	5.13575e1	7.38874e1	6.6263942e-2	1.2069718e1	7.1922111e-1	
2021-02-16	15:31:02	4.16222e2	5.13542e1	7.38977e1	6.6011662e-2	1.2078950e1	7.2981162e-1	
2021-02-16	15:31:02	4.16845e2	5.13509e1	7.38827e1	6.6083912e-2	1.2092378e1	7.3884959e-1	
2021-02-16	15:31:03	4.19579e2	5.13509e1	7.38919e1	6.6398386e-2	1.2087342e1	7.1704030e-1	
2021-02-16	15:31:03	4.20638e2	5.13542e1	7.39010e1	6.6519346e-2	1.2072236e1	7.2879076e-1	
2021-02-16	15:31:04	4.22469e2	5.13575e1	7.38827e1	6.6728682e-2	1.2080628e1	7.4949479e-1	
2021-02-16	15:31:04	4.24811e2	5.13575e1	7.38792e1	6.6996364e-2	1.2074754e1	7.2717475e-1	
2021-02-16	15:31:05	4.23016e2	5.13542e1	7.38987e1	6.6791734e-2	1.2082307e1	7.2180700e-1	
2021-02-16	15:31:05	4.20308e2	5.13575e1	7.38874e1	6.6481046e-2	1.2078950e1	7.3200268e-1	
2021-02-16	15:31:06	4.21234e2	5.13575e1	7.38902e1	6.6587204e-2	1.2071397e1	7.1830568e-1	
2021-02-16	15:31:06	4.22600e2	5.13542e1	7.38975e1	6.6744089e-2	1.2083985e1	7.3742017e-1	
2021-02-16	15:31:07	4.23682e2	5.13542e1	7.38775e1	6.6867828e-2	1.2078111e1	7.4650611e-1	
2021-02-16	15:31:07	4.23074e2	5.13509e1	7.38844e1	6.6798806e-2	1.2072236e1	7.2324218e-1	
2021-02-16	15:31:08	4.21077e2	5.13509e1	7.38962e1	6.6570234e-2	1.2065522e1	7.2511138e-1	
2021-02-16	15:31:08	4.19318e2	5.13575e1	7.38857e1	6.6367416e-2	1.2068040e1	7.3337726e-1	
2021-02-16	15:31:09	4.15171e2	5.13608e1	7.38895e1	6.5889544e-2	1.2087342e1	7.1842708e-1	
2021-02-16	15:31:09	4.33339e2	5.13575e1	7.38967e1	6.7965230e-2	1.2083146e1	7.3980898e-1	
2021-02-16	15:31:10	4.76129e2	5.13509e1	7.38744e1	7.2695150e-2	1.2089021e1	7.4620013e-1	
2021-02-16	15:31:10	4.84304e2	5.13575e1	7.38880e1	7.3573541e-2	1.2072236e1	7.1959090e-1	
2021-02-16	15:31:11	4.58242e2	5.13608e1	7.38970e1	7.0742902e-2	1.2064683e1	7.2863645e-1	
2021-02-16	15:31:11	4.41733e2	5.13575e1	7.38824e1	6.8909969e-2	1.2091538e1	7.3850731e-1	
2021-02-16	15:31:12	4.38254e2	5.13509e1	7.38912e1	6.8520455e-2	1.2075593e1	7.1641469e-1	
2021-02-16	15:31:12	4.36884e2	5.13509e1	7.39042e1	6.8366231e-2	1.2086503e1	7.2869734e-1	
2021-02-16	15:31:13	4.39311e2	5.13509e1	7.38827e1	6.8639316e-2	1.2081468e1	7.4350900e-1	
2021-02-16	15:31:13	4.45303e2	5.13509e1	7.38874e1	6.9310259e-2	1.2086503e1	7.2283754e-1	
2021-02-16	15:31:14	4.44962e2	5.13509e1	7.38987e1	6.9272146e-2	1.2067201e1	7.2083005e-1	
2021-02-16	15:31:14	4.41448e2	5.13509e1	7.38905e1	6.8879122e-2	1.2063844e1	7.2613010e-1	
2021-02-16	15:31:15	4.40430e2	5.13542e1	7.38939e1	6.8764438e-2	1.2074754e1	7.1677503e-1	
2021-02-16	15:31:15	4.42639e2	5.13575e1	7.38975e1	6.9011449e-2	1.2084825e1	7.3483562e-1	
2021-02-16	15:31:16	4.45015e2	5.13575e1	7.38799e1	6.9277057e-2	1.2084825e1	7.4109215e-1	
2021-02-16	15:31:16	4.45960e2	5.13641e1	7.38884e1	6.9381484e-2	1.2094056e1	7.1972560e-1	
2021-02-16	15:31:17	4.47811e2	5.13608e1	7.38990e1	6.9588270e-2	1.2067201e1	7.1957654e-1	
2021-02-16	15:31:17	4.47765e2	5.13542e1	7.38917e1	6.9584183e-2	1.2069718e1	7.2783012e-1	
2021-02-16	15:31:18	4.45383e2	5.13542e1	7.38870e1	6.9318666e-2	1.2079789e1	7.2116107e-1	
2021-02-16	15:31:18	4.43166e2	5.13542e1	7.38912e1	6.9071002e-2	1.2083985e1	7.4422416e-1	
2021-02-16	15:31:19	4.41503e2	5.13542e1	7.38704e1	6.8884682e-2	1.2087342e1	7.4938764e-1	
2021-02-16	15:31:19	4.40279e2	5.13575e1	7.38860e1	6.8747014e-2	1.2071397e1	7.1924800e-1	
2021-02-16	15:31:20	4.40266e2	5.13575e1	7.38967e1	6.8745489e-2	1.2078111e1	7.2999029e-1	
2021-02-16	15:31:20	4.41406e2	5.13575e1	7.38782e1	6.8873338e-2	1.2082307e1	7.4014925e-1	
2021-02-16	15:31:21	4.40888e2	5.13575e1	7.38897e1	6.8815240e-2	1.2078950e1	7.1529965e-1	
2021-02-16	15:31:21	4.40145e2	5.13608e1	7.39007e1	6.8731431e-2	1.2078950e1	7.2821164e-1	
2021-02-16	15:31:22	4.41149e2	5.13575e1	7.38802e1	6.8844561e-2	1.2081468e1	7.4719057e-1	
2021-02-16	15:31:22	4.41682e2	5.13575e1	7.38820e1	6.8904333e-2	1.2086503e1	7.2677345e-1	
2021-02-16	15:31:23	4.41005e2	5.13608e1	7.38949e1	6.8827962e-2	1.2073075e1	7.2363882e-1	
2021-02-16	15:31:23	4.41617e2	5.13608e1	7.38872e1	6.8896555e-2	1.2075593e1	7.3394613e-1	
2021-02-16	15:31:24	4.41627e2	5.13575e1	7.38874e1	6.8898129e-2	1.2066361e1	7.1822090e-1	
2021-02-16	15:31:24	4.40831e2	5.13575e1	7.38990e1	6.8808860e-2	1.2088181e1	7.3444452e-1	
2021-02-16	15:31:25	4.41354e2	5.13542e1	7.38765e1	6.8868026e-2	1.2086503e1	7.4355940e-1	
2021-02-16	15:31:25	4.40833e2	5.13575e1	7.38862e1	6.8809089e-2	1.2068879e1	7.2016725e-1	
2021-02-16	15:31:26	4.39921e2	5.13542e1	7.38949e1	6.8707265e-2	1.2076432e1	7.2814321e-1	
2021-02-16	15:31:26	4.39538e2	5.13575e1	7.38827e1	6.8663825e-2	1.2072236e1	7.3561830e-1	
2021-02-16	15:31:27	4.39239e2	5.13608e1	7.38884e1	6.8629703e-2	1.2092378e1	7.1858887e-1	
2021-02-16	15:31:27	4.40242e2	5.13575e1	7.38990e1	6.8742790e-2	1.2097413e1	7.3787117e-1	
2021-02-16	15:31:28	4.40941e2	5.13575e1	7.38752e1	6.8821201e-2	1.2086503e1	7.4717812e-1	
2021-02-16	15:31:28	4.39486e2	5.13608e1	7.38852e1	6.8657469e-2	1.2076432e1	7.2073955e-1	
2021-02-16	15:31:29	4.39812e2	5.13608e1	7.38960e1	6.8694028e-2	1.2086503e1	7.3140201e-1	
2021-02-16	15:31:29	4.40661e2	5.13608e1	7.38779e1	6.8789300e-2	1.2086503e1	7.4262232e-1	
2021-02-16	15:31:30	4.39987e2	5.13575e1	7.38892e1	6.8714199e-2	1.2072236e1	7.1544003e-1	
2021-02-16	15:31:30	4.39889e2	5.13542e1	7.38982e1	6.8703651e-2	1.2075593e1	7.2957744e-1	
2021-02-16	15:31:31	4.40040e2	5.13542e1	7.38785e1	6.8720669e-2	1.2093217e1	7.5180740e-1	
2021-02-16	15:31:31	4.38169e2	5.13542e1	7.38785e1	6.8510365e-2	1.2086503e1	7.2853422e-1	
2021-02-16	15:31:32	4.37093e2	5.13509e1	7.38964e1	6.8389778e-2	1.2077271e1	7.1923608e-1	
2021-02-16	15:31:32	4.39385e2	5.13509e1	7.38897e1	6.8647556e-2	1.2073915e1	7.2954206e-1	
2021-02-16	15:31:33	4.45265e2	5.13542e1	7.38892e1	6.9305562e-2	1.2065522e1	7.1760377e-1	
2021-02-16	15:31:33	4.49371e2	5.13575e1	7.38949e1	6.9762296e-2	1.2073075e1	7.3720321e-1	
2021-02-16	15:31:34	4.47027e2	5.13542e1	7.38722e1	6.9502024e-2	1.2080628e1	7.4660820e-1	
2021-02-16	15:31:34	4.42490e2	5.13542e1	7.38802e1	6.8995294e-2	1.2073915e1	7.2627758e-1	
2021-02-16	15:31:35	4.41315e2	5.13575e1	7.38922e1	6.8863115e-2	1.2066361e1	7.2649025e-1	
2021-02-16	15:31:35	4.43139e2	5.13542e1	7.38822e1	6.9067959e-2	1.2090699e1	7.3375968e-1	
2021-02-16	15:31:36	4.41663e2	5.13509e1	7.38857e1	6.8903212e-2	1.2073915e1	7.1968026e-1	
2021-02-16	15:31:36	4.40506e2	5.13542e1	7.38910e1	6.8772983e-2	1.2078950e1	7.4253802e-1	
2021-02-16	15:31:37	4.43634e2	5.13542e1	7.38679e1	6.9123268e-2	1.2088181e1	7.4949436e-1	
2021-02-16	15:31:37	4.49036e2	5.13575e1	7.38817e1	6.9725065e-2	1.2073075e1	7.2147984e-1	
2021-02-16	15:31:38	4.52516e2	5.13575e1	7.38949e1	7.0111179e-2	1.2086503e1	7.3142623e-1	
2021-02-16	15:31:38	4.52171e2	5.13542e1	7.38752e1	7.0073451e-2	1.2091538e1	7.4356565e-1	
2021-02-16	15:31:39	4.51432e2	5.13575e1	7.38805e1	6.9991087e-2	1.2087342e1	7.1799974e-1	
2021-02-16	15:31:39	4.49085e2	5.13575e1	7.38960e1	6.9730491e-2	1.2064683e1	7.3018703e-1	
2021-02-16	15:31:40	4.44666e2	5.13575e1	7.38765e1	6.9238128e-2	1.2086503e1	7.5048503e-1	
2021-02-16	15:31:40	4.42983e2	5.13575e1	7.38772e1	6.9049954e-2	1.2087342e1	7.2826938e-1	
2021-02-16	15:31:41	4.43436e2	5.13575e1	7.38929e1	6.9100623e-2	1.2084825e1	7.2528276e-1	
2021-02-16	15:31:41	4.43751e2	5.13608e1	7.38817e1	6.9135417e-2	1.2071397e1	7.3420391e-1	
2021-02-16	15:31:42	4.43761e2	5.13575e1	7.38850e1	6.9137005e-2	1.2077271e1	7.1970348e-1	
2021-02-16	15:31:42	4.43997e2	5.13542e1	7.38899e1	6.9163870e-2	1.2074754e1	7.4155530e-1	
2021-02-16	15:31:43	4.46657e2	5.13542e1	7.38700e1	6.9460802e-2	1.2085664e1	7.4761962e-1	
2021-02-16	15:31:43	4.48097e2	5.13542e1	7.38830e1	6.9621176e-2	1.2088181e1	7.2032012e-1	
2021-02-16	15:31:44	4.48554e2	5.13542e1	7.38949e1	6.9671993e-2	1.2083146e1	7.3106002e-1	
2021-02-16	15:31:44	4.48170e2	5.13608e1	7.38740e1	6.9628233e-2	1.2080628e1	7.4188270e-1	
2021-02-16	15:31:45	4.46290e2	5.13575e1	7.38802e1	6.9419345e-2	1.2071397e1	7.2185826e-1	
2021-02-16	15:31:45	4.45855e2	5.13575e1	7.38939e1	6.9370784e-2	1.2065522e1	7.3262491e-1	
2021-02-16	15:31:46	4.46675e2	5.13575e1	7.38737e1	6.9462208e-2	1.2088181e1	7.5094976e-1	
2021-02-16	15:31:46	4.47164e2	5.13542e1	7.38732e1	6.9517288e-2	1.2083146e1	7.2900495e-1	
2021-02-16	15:31:47	4.46970e2	5.13575e1	7.38910e1	6.9495086e-2	1.2075593e1	7.2502045e-1	
2021-02-16	15:31:47	4.46633e2	5.13608e1	7.38817e1	6.9457015e-2	1.2089021e1	7.3056626e-1	
2021-02-16	15:31:48	4.45908e2	5.13608e1	7.38877e1	6.9376201e-2	1.2073075e1	7.1921987e-1	
2021-02-16	15:31:48	4.45912e2	5.13575e1	7.38929e1	6.9377222e-2	1.2068040e1	7.4144525e-1	
2021-02-16	15:31:49	4.45465e2	5.13575e1	7.38704e1	6.9327325e-2	1.2083985e1	7.4782447e-1	
2021-02-16	15:31:49	4.45615e2	5.13575e1	7.38787e1	6.9344096e-2	1.2080628e1	7.2469167e-1	
2021-02-16	15:31:50	4.46050e2	5.13542e1	7.38917e1	6.9393067e-2	1.2080628e1	7.3080615e-1	
2021-02-16	15:31:50	4.44791e2	5.13575e1	7.38802e1	6.9252038e-2	1.2071397e1	7.3832769e-1	
2021-02-16	15:31:51	4.41797e2	5.13542e1	7.38852e1	6.8917665e-2	1.2075593e1	7.1713204e-1	
2021-02-16	15:31:51	4.40550e2	5.13575e1	7.39004e1	6.8777413e-2	1.2068879e1	7.2782568e-1	
2021-02-16	15:31:52	4.41385e2	5.13575e1	7.38765e1	6.8870992e-2	1.2098252e1	7.4690761e-1	
2021-02-16	15:31:52	4.40482e2	5.13575e1	7.38772e1	6.8769783e-2	1.2086503e1	7.2706832e-1	
2021-02-16	15:31:53	4.40863e2	5.13575e1	7.38942e1	6.8812460e-2	1.2079789e1	7.2057828e-1	
2021-02-16	15:31:53	4.42007e2	5.13575e1	7.38860e1	6.8940663e-2	1.2075593e1	7.3254914e-1	
2021-02-16	15:31:54	4.42112e2	5.13542e1	7.38837e1	6.8953013e-2	1.2082307e1	7.2184123e-1	
2021-02-16	15:31:54	4.41962e2	5.13575e1	7.38884e1	6.8935642e-2	1.2077271e1	7.4679036e-1	
2021-02-16	15:31:55	4.41872e2	5.13575e1	7.38720e1	6.8925580e-2	1.2086503e1	7.4791121e-1	
2021-02-16	15:31:55	4.41149e2	5.13542e1	7.38854e1	6.8845090e-2	1.2090699e1	7.1894745e-1	
2021-02-16	15:31:56	4.39307e2	5.13509e1	7.38980e1	6.8638854e-2	1.2086503e1	7.3015789e-1	
2021-02-16	15:31:56	4.37159e2	5.13542e1	7.38765e1	6.8396778e-2	1.2083985e1	7.4202213e-1	
2021-02-16	15:31:57	4.35938e2	5.13542e1	7.38837e1	6.8259210e-2	1.2078111e1	7.1972913e-1	
2021-02-16	15:31:57	4.36047e2	5.13608e1	7.38994e1	6.8270449e-2	1.2076432e1	7.2408399e-1	
2021-02-16	15:31:58	4.39750e2	5.13575e1	7.38832e1	6.8687582e-2	1.2076432e1	7.4458637e-1	
2021-02-16	15:31:58	4.38985e2	5.13509e1	7.38749e1	6.8602666e-2	1.2086503e1	7.3898367e-1	
2021-02-16	15:31:59	4.33024e2	5.13575e1	7.38860e1	6.7929534e-2	1.2082307e1	7.2198638e-1	
2021-02-16	15:31:59	4.34910e2	5.13608e1	7.38889e1	6.8142166e-2	1.2077271e1	7.2720432e-1	
2021-02-16	15:32:00	4.40247e2	5.13608e1	7.38884e1	6.8742885e-2	1.2080628e1	7.2532434e-1	
2021-02-16	15:32:00	4.41910e2	5.13575e1	7.38889e1	6.8929843e-2	1.2077271e1	7.3667860e-1	
2021-02-16	15:32:01	4.41432e2	5.13575e1	7.38762e1	6.8876323e-2	1.2090699e1	7.4253616e-1	
2021-02-16	15:32:01	4.40584e2	5.13542e1	7.38794e1	6.8781719e-2	1.2078111e1	7.2501859e-1	
2021-02-16	15:32:02	4.40098e2	5.13575e1	7.38972e1	6.8726687e-2	1.2071397e1	7.2214612e-1	
2021-02-16	15:32:02	4.40322e2	5.13542e1	7.38895e1	6.8752293e-2	1.2072236e1	7.3043150e-1	
2021-02-16	15:32:03	4.39124e2	5.13542e1	7.38895e1	6.8617820e-2	1.2084825e1	7.2255473e-1	
2021-02-16	15:32:03	4.40447e2	5.13542e1	7.38919e1	6.8766326e-2	1.2064683e1	7.4074659e-1	
2021-02-16	15:32:04	4.60430e2	5.13575e1	7.38755e1	7.0984034e-2	1.2100770e1	7.4333691e-1	
2021-02-16	15:32:04	4.69607e2	5.13542e1	7.38850e1	7.1987538e-2	1.2078950e1	7.2220602e-1	
2021-02-16	15:32:05	4.55309e2	5.13509e1	7.38967e1	7.0421066e-2	1.2095735e1	7.2801847e-1	
2021-02-16	15:32:05	4.46709e2	5.13542e1	7.38830e1	6.9466614e-2	1.2079789e1	7.3578948e-1	
2021-02-16	15:32:06	4.46744e2	5.13542e1	7.38887e1	6.9470410e-2	1.2076432e1	7.1956772e-1	
2021-02-16	15:32:06	4.49427e2	5.13542e1	7.38984e1	6.9769029e-2	1.2078950e1	7.2758383e-1	
2021-02-16	15:32:07	4.46101e2	5.13542e1	7.38815e1	6.9398736e-2	1.2086503e1	7.4383754e-1	
2021-02-16	15:32:07	4.43902e2	5.13542e1	7.38817e1	6.9153237e-2	1.2076432e1	7.2725939e-1	
2021-02-16	15:32:08	4.47697e2	5.13542e1	7.38970e1	6.9576649e-2	1.2083985e1	7.1679978e-1	
2021-02-16	15:32:08	4.50744e2	5.13608e1	7.38912e1	6.9914207e-2	1.2074754e1	7.2692184e-1	
2021-02-16	15:32:09	4.49380e2	5.13608e1	7.38884e1	6.9762811e-2	1.2073075e1	7.1831421e-1	
2021-02-16	15:32:09	4.50918e2	5.13542e1	7.38962e1	6.9934630e-2	1.2111680e1	7.3486099e-1	
2021-02-16	15:32:10	4.55173e2	5.13509e1	7.38787e1	7.0406045e-2	1.2079789e1	7.4330163e-1	
2021-02-16	15:32:10	4.55196e2	5.13542e1	7.38867e1	7.0408077e-2	1.2087342e1	7.2030181e-1	
2021-02-16	15:32:11	4.53850e2	5.13542e1	7.38980e1	7.0259389e-2	1.2080628e1	7.2582154e-1	
2021-02-16	15:32:11	4.52331e2	5.13542e1	7.38850e1	7.0091252e-2	1.2089021e1	7.3416852e-1	
2021-02-16	15:32:12	4.50124e2	5.13575e1	7.38892e1	6.9845962e-2	1.2078950e1	7.1934976e-1	
2021-02-16	15:32:12	4.49183e2	5.13542e1	7.39042e1	6.9741873e-2	1.2081468e1	7.1976637e-1	
2021-02-16	15:32:13	4.48322e2	5.13542e1	7.38912e1	6.9646167e-2	1.2085664e1	7.3979845e-1	
2021-02-16	15:32:13	4.45110e2	5.13509e1	7.38794e1	6.9288721e-2	1.2084825e1	7.3500185e-1	
2021-02-16	15:32:14	4.38790e2	5.13509e1	7.38919e1	6.8580746e-2	1.2076432e1	7.2000222e-1	
2021-02-16	15:32:14	4.32090e2	5.13575e1	7.38942e1	6.7823848e-2	1.2067201e1	7.2708158e-1	
2021-02-16	15:32:15	4.33693e2	5.13575e1	7.38867e1	6.8005266e-2	1.2086503e1	7.2818384e-1	
2021-02-16	15:32:15	4.40951e2	5.13575e1	7.38937e1	6.8822374e-2	1.2068879e1	7.3066129e-1	
2021-02-16	15:32:16	4.45835e2	5.13608e1	7.38864e1	6.9368071e-2	1.2084825e1	7.3873543e-1	
2021-02-16	15:32:16	4.48379e2	5.13608e1	7.38835e1	6.9651536e-2	1.2076432e1	7.2908978e-1	
2021-02-16	15:32:17	4.50121e2	5.13542e1	7.38927e1	6.9846143e-2	1.2078950e1	7.2805747e-1	
2021-02-16	15:32:17	4.50457e2	5.13509e1	7.38847e1	6.9883913e-2	1.2082307e1	7.3392014e-1	
2021-02-16	15:32:18	4.46150e2	5.13509e1	7.38882e1	6.9404749e-2	1.2081468e1	7.2146759e-1	
2021-02-16	15:32:18	4.42970e2	5.13542e1	7.38925e1	6.9049072e-2	1.2074754e1	7.4262533e-1	
2021-02-16	15:32:19	4.39543e2	5.13542e1	7.38740e1	6.8664793e-2	1.2080628e1	7.4780678e-1	
2021-02-16	15:32:19	4.30531e2	5.13575e1	7.38827e1	6.7647151e-2	1.2073075e1	7.2488594e-1	
2021-02-16	15:32:20	4.26202e2	5.13608e1	7.38955e1	6.7154445e-2	1.2093217e1	7.2761797e-1	
2021-02-16	15:32:20	4.27571e2	5.13509e1	7.38852e1	6.7311820e-2	1.2077271e1	7.3497323e-1	
2021-02-16	15:32:21	4.30164e2	5.13509e1	7.38892e1	6.7606544e-2	1.2066361e1	7.1793766e-1	
2021-02-16	15:32:21	4.32715e2	5.13509e1	7.39004e1	6.7895641e-2	1.2085664e1	7.2759337e-1	
2021-02-16	15:32:22	4.37244e2	5.13542e1	7.38832e1	6.8406314e-2	1.2092378e1	7.4498376e-1	
2021-02-16	15:32:22	4.41329e2	5.13575e1	7.38802e1	6.8864707e-2	1.2084825e1	7.2794485e-1	
2021-02-16	15:32:23	4.40765e2	5.13608e1	7.38980e1	6.8801012e-2	1.2074754e1	7.1856231e-1	
2021-02-16	15:32:23	4.38056e2	5.13608e1	7.38907e1	6.8496651e-2	1.2087342e1	7.2632303e-1	
2021-02-16	15:32:24	4.33791e2	5.13575e1	7.38939e1	6.8016290e-2	1.2088181e1	7.2206444e-1	
2021-02-16	15:32:24	4.34631e2	5.13575e1	7.38932e1	6.8111181e-2	1.2077271e1	7.3999791e-1	
2021-02-16	15:32:25	4.41276e2	5.13542e1	7.38770e1	6.8859329e-2	1.2088181e1	7.4486393e-1	
2021-02-16	15:32:25	4.47305e2	5.13509e1	7.38860e1	6.9533481e-2	1.2088181e1	7.2114639e-1	
2021-02-16	15:32:26	4.48916e2	5.13542e1	7.38962e1	6.9712276e-2	1.2097413e1	7.2425565e-1	
2021-02-16	15:32:26	4.47326e2	5.13575e1	7.38877e1	6.9534831e-2	1.2081468e1	7.3171257e-1	
2021-02-16	15:32:27	4.46651e2	5.13575e1	7.38917e1	6.9459581e-2	1.2089021e1	7.1949429e-1	
2021-02-16	15:32:27	4.43668e2	5.13575e1	7.38990e1	6.9126577e-2	1.2072236e1	7.3361892e-1	
2021-02-16	15:32:28	4.41431e2	5.13542e1	7.38787e1	6.8876647e-2	1.2084825e1	7.4834814e-1	
2021-02-16	15:32:28	4.42301e2	5.13509e1	7.38824e1	6.8974590e-2	1.2083985e1	7.2580056e-1	
2021-02-16	15:32:29	4.40343e2	5.13575e1	7.38952e1	6.8754186e-2	1.2070558e1	7.2318954e-1	
2021-02-16	15:32:29	4.37614e2	5.13608e1	7.38895e1	6.8446903e-2	1.2073075e1	7.2853803e-1	
2021-02-16	15:32:30	4.37034e2	5.13575e1	7.38929e1	6.8382167e-2	1.2089021e1	7.1799798e-1	
2021-02-16	15:32:30	4.36910e2	5.13575e1	7.38982e1	6.8368206e-2	1.2078950e1	7.3943943e-1	
2021-02-16	15:32:31	4.39372e2	5.13575e1	7.38762e1	6.8645133e-2	1.2089021e1	7.4734282e-1	
2021-02-16	15:32:31	4.40322e2	5.13509e1	7.38817e1	6.8752822e-2	1.2086503e1	7.2535743e-1	
2021-02-16	15:32:32	4.39976e2	5.13542e1	7.38949e1	6.8713479e-2	1.2085664e1	7.2432017e-1	
2021-02-16	15:32:32	4.41258e2	5.13575e1	7.38899e1	6.8856811e-2	1.2081468e1	7.2843880e-1	
2021-02-16	15:32:33	4.39808e2	5.13542e1	7.38919e1	6.8694562e-2	1.2092378e1	7.1786537e-1	
2021-02-16	15:32:33	4.39542e2	5.13542e1	7.38949e1	6.8664698e-2	1.2073915e1	7.4194822e-1	
2021-02-16	15:32:34	4.41936e2	5.13575e1	7.38744e1	6.8932819e-2	1.2087342e1	7.4812469e-1	
2021-02-16	15:32:34	4.41636e2	5.13575e1	7.38840e1	6.8899183e-2	1.2075593e1	7.2600679e-1	
2021-02-16	15:32:35	4.39707e2	5.13542e1	7.38960e1	6.8683238e-2	1.2076432e1	7.3428668e-1	
2021-02-16	15:32:35	4.39570e2	5.13575e1	7.38772e1	6.8667340e-2	1.2089021e1	7.4243621e-1	
2021-02-16	15:32:36	4.40351e2	5.13575e1	7.38902e1	6.8755035e-2	1.2089021e1	7.1567153e-1	
2021-02-16	15:32:36	4.40653e2	5.13542e1	7.39022e1	6.8789396e-2	1.2076432e1	7.2907457e-1	
2021-02-16	15:32:37	4.41468e2	5.13509e1	7.38809e1	6.8881273e-2	1.2100770e1	7.4965410e-1	
2021-02-16	15:32:37	4.39908e2	5.13542e1	7.38822e1	6.8705854e-2	1.2080628e1	7.2673344e-1	
2021-02-16	15:32:38	4.36620e2	5.13608e1	7.39007e1	6.8334984e-2	1.2069718e1	7.1907825e-1	
2021-02-16	15:32:38	4.35047e2	5.13608e1	7.38934e1	6.8157649e-2	1.2073075e1	7.2940769e-1	
2021-02-16	15:32:39	4.35220e2	5.13575e1	7.38932e1	6.8177676e-2	1.2076432e1	7.1754508e-1	
2021-02-16	15:32:39	4.35335e2	5.13542e1	7.38982e1	6.8191146e-2	1.2072236e1	7.3406434e-1	
2021-02-16	15:32:40	4.35415e2	5.13575e1	7.38805e1	6.8199658e-2	1.2091538e1	7.4198303e-1	
2021-02-16	15:32:40	4.36153e2	5.13575e1	7.38887e1	6.8282890e-2	1.2083985e1	7.2101573e-1	
2021-02-16	15:32:41	4.35808e2	5.13575e1	7.39002e1	6.8244032e-2	1.2071397e1	7.1986413e-1	
2021-02-16	15:32:41	4.35159e2	5.13542e1	7.38952e1	6.8171224e-2	1.2079789e1	7.2476630e-1	
2021-02-16	15:32:42	4.34932e2	5.13542e1	7.38975e1	6.8145656e-2	1.2074754e1	7.1520304e-1	
2021-02-16	15:32:42	4.36360e2	5.13509e1	7.39024e1	6.8307209e-2	1.2097413e1	7.3377442e-1	
2021-02-16	15:33:03	4.27479e2	5.13575e1	7.38907e1	6.7300438e-2	1.2075593e1	7.3189029e-1	
2021-02-16	15:33:23	4.24060e2	5.13575e1	7.38874e1	6.6910514e-2	1.2075593e1	7.3536467e-1	
2021-02-16	15:33:43	4.13612e2	5.13575e1	7.38994e1	6.5709948e-2	1.2083985e1	7.3084497e-1	
2021-02-16	15:34:04	4.17517e2	5.13575e1	7.39039e1	6.6160387e-2	1.2084825e1	7.3282532e-1	
2021-02-16	15:34:24	4.26722e2	5.13575e1	7.38947e1	6.7214260e-2	1.2091538e1	7.3069496e-1	
2021-02-16	15:34:44	4.33875e2	5.13575e1	7.38960e1	6.8025798e-2	1.2092378e1	7.2807312e-1	
2021-02-16	15:34:57	4.34355e2	5.13542e1	7.38922e1	6.8080492e-2	1.2089021e1	7.2952976e-1	
2021-02-16	15:34:57	4.34355e2	5.13542e1	7.38922e1	6.8080492e-2	1.2089021e1	7.2952976e-1	
2021-02-16	15:34:58	4.25511e2	5.13542e1	7.38942e1	6.7076692e-2	1.2072236e1	7.2692651e-1	
2021-02-16	15:34:58	4.25511e2	5.13542e1	7.38942e1	6.7076692e-2	1.2072236e1	7.2692651e-1	
2021-02-16	15:34:59	4.27483e2	5.13575e1	7.38925e1	6.7300901e-2	1.2086503e1	7.2411832e-1	
2021-02-16	15:35:03	4.21372e2	5.13509e1	7.38992e1	6.6604022e-2	1.2086503e1	7.2172641e-1	
2021-02-16	15:35:04	4.21372e2	5.13509e1	7.38992e1	6.6604022e-2	1.2086503e1	7.2172641e-1	
2021-02-16	15:35:04	4.20196e2	5.13542e1	7.38884e1	6.6468710e-2	1.2075593e1	7.3692979e-1	
2021-02-16	15:35:05	4.19932e2	5.13575e1	7.38852e1	6.6437869e-2	1.2086503e1	7.3066473e-1	
2021-02-16	15:35:05	4.15942e2	5.13608e1	7.38912e1	6.5978379e-2	1.2080628e1	7.2315063e-1	
2021-02-16	15:35:06	4.11378e2	5.13575e1	7.38977e1	6.5451440e-2	1.2075593e1	7.3156681e-1	
2021-02-16	15:35:06	4.12955e2	5.13575e1	7.38844e1	6.5633955e-2	1.2083146e1	7.4106955e-1	
2021-02-16	15:35:07	4.14061e2	5.13542e1	7.38889e1	6.5762319e-2	1.2079789e1	7.3843669e-1	
2021-02-16	15:35:07	4.13440e2	5.13542e1	7.38817e1	6.5690517e-2	1.2107484e1	7.3635106e-1	
2021-02-16	15:35:08	4.12758e2	5.13542e1	7.38939e1	6.5611658e-2	1.2075593e1	7.1691269e-1	
2021-02-16	15:35:08	4.14211e2	5.13542e1	7.39000e1	6.5779695e-2	1.2074754e1	7.2682065e-1	
2021-02-16	15:35:09	4.15281e2	5.13542e1	7.38889e1	6.5903120e-2	1.2088181e1	7.3357253e-1	
2021-02-16	15:35:09	4.15035e2	5.13542e1	7.38977e1	6.5874824e-2	1.2077271e1	7.2399530e-1	
2021-02-16	15:35:10	4.14314e2	5.13542e1	7.38942e1	6.5791554e-2	1.2086503e1	7.3513941e-1	
2021-02-16	15:35:10	4.13665e2	5.13542e1	7.38835e1	6.5716557e-2	1.2089860e1	7.3442559e-1	
2021-02-16	15:35:11	4.13358e2	5.13542e1	7.38945e1	6.5681018e-2	1.2091538e1	7.1889305e-1	
2021-02-16	15:35:11	4.13432e2	5.13542e1	7.38980e1	6.5689630e-2	1.2090699e1	7.2601566e-1	
2021-02-16	15:35:12	4.18607e2	5.13542e1	7.38872e1	6.6286139e-2	1.2076432e1	7.3158020e-1	
2021-02-16	15:35:12	4.23885e2	5.13575e1	7.38975e1	6.6890611e-2	1.2077271e1	7.2539668e-1	
2021-02-16	15:35:13	4.28477e2	5.13542e1	7.38912e1	6.7414455e-2	1.2082307e1	7.3473243e-1	
2021-02-16	15:35:13	4.32522e2	5.13575e1	7.38847e1	6.7872810e-2	1.2094056e1	7.3255534e-1	
2021-02-16	15:35:14	4.26600e2	5.13542e1	7.38897e1	6.7200860e-2	1.2081468e1	7.2428755e-1	
2021-02-16	15:35:14	4.23061e2	5.13542e1	7.38937e1	6.6796832e-2	1.2093217e1	7.2588119e-1	
2021-02-16	15:35:15	4.25221e2	5.13542e1	7.38905e1	6.7043566e-2	1.2068879e1	7.2750701e-1	
2021-02-16	15:35:15	4.22979e2	5.13542e1	7.38980e1	6.6787528e-2	1.2084825e1	7.2512221e-1	
2021-02-16	15:35:16	4.20750e2	5.13542e1	7.38902e1	6.6532201e-2	1.2078950e1	7.4075083e-1	
2021-02-16	15:35:16	4.20602e2	5.13542e1	7.38802e1	6.6515216e-2	1.2094056e1	7.3232746e-1	
2021-02-16	15:35:17	4.19707e2	5.13542e1	7.38927e1	6.6412544e-2	1.2082307e1	7.2078113e-1	
2021-02-16	15:35:17	4.19267e2	5.13575e1	7.38977e1	6.6361551e-2	1.2083985e1	7.2578392e-1	
2021-02-16	15:35:18	4.19323e2	5.13575e1	7.38912e1	6.6367955e-2	1.2090699e1	7.2600250e-1	
2021-02-16	15:35:18	4.17972e2	5.13542e1	7.38972e1	6.6213221e-2	1.2076432e1	7.3241639e-1	
2021-02-16	15:35:19	4.17376e2	5.13542e1	7.38837e1	6.6144561e-2	1.2087342e1	7.4209976e-1	
2021-02-16	15:35:19	4.16948e2	5.13542e1	7.38837e1	6.6095304e-2	1.2078111e1	7.2695875e-1	
2021-02-16	15:35:20	4.16286e2	5.13542e1	7.38994e1	6.6019082e-2	1.2075593e1	7.2022013e-1	
2021-02-16	15:35:20	4.17029e2	5.13542e1	7.38907e1	6.6104655e-2	1.2089860e1	7.3308329e-1	
2021-02-16	15:35:21	4.16612e2	5.13542e1	7.38857e1	6.6056609e-2	1.2073075e1	7.2263164e-1	
2021-02-16	15:35:21	4.16768e2	5.13608e1	7.39002e1	6.6073646e-2	1.2085664e1	7.3066768e-1	
2021-02-16	15:35:22	4.17713e2	5.13575e1	7.38815e1	6.6182842e-2	1.2094056e1	7.4362902e-1	
2021-02-16	15:35:22	4.15658e2	5.13542e1	7.38842e1	6.5946683e-2	1.2085664e1	7.2536463e-1	
2021-02-16	15:35:23	4.14095e2	5.13542e1	7.38994e1	6.5766243e-2	1.2078950e1	7.1971120e-1	
2021-02-16	15:35:23	4.13902e2	5.13575e1	7.38919e1	6.5743455e-2	1.2083146e1	7.2937636e-1	
2021-02-16	15:35:24	4.13030e2	5.13608e1	7.38905e1	6.5642175e-2	1.2085664e1	7.2249131e-1	
2021-02-16	15:35:24	4.12693e2	5.13575e1	7.38987e1	6.5603661e-2	1.2080628e1	7.2959423e-1	
2021-02-16	15:35:25	4.13142e2	5.13575e1	7.38840e1	6.5655622e-2	1.2083146e1	7.4270606e-1	
2021-02-16	15:35:25	4.15150e2	5.13575e1	7.38840e1	6.5887575e-2	1.2086503e1	7.2746152e-1	
2021-02-16	15:35:26	4.17018e2	5.13542e1	7.38980e1	6.6103429e-2	1.2082307e1	7.1797366e-1	
2021-02-16	15:35:26	4.15975e2	5.13476e1	7.38912e1	6.5984134e-2	1.2097413e1	7.2986307e-1	
2021-02-16	15:35:27	4.14514e2	5.13509e1	7.38919e1	6.5815172e-2	1.2078950e1	7.2224159e-1	
2021-02-16	15:35:27	4.15951e2	5.13509e1	7.38990e1	6.5980901e-2	1.2083146e1	7.2792997e-1	
2021-02-16	15:35:28	4.21185e2	5.13509e1	7.38852e1	6.6582574e-2	1.2089021e1	7.4125599e-1	
2021-02-16	15:35:28	4.23240e2	5.13575e1	7.38824e1	6.6816806e-2	1.2096574e1	7.2688732e-1	
2021-02-16	15:35:29	4.19713e2	5.13575e1	7.38992e1	6.6412715e-2	1.2075593e1	7.1641521e-1	
2021-02-16	15:35:29	4.20283e2	5.13509e1	7.38934e1	6.6479148e-2	1.2094056e1	7.2832484e-1	
2021-02-16	15:35:30	4.23824e2	5.13542e1	7.38902e1	6.6884126e-2	1.2072236e1	7.2299957e-1	
2021-02-16	15:35:30	4.25897e2	5.13509e1	7.38984e1	6.7121257e-2	1.2073915e1	7.2438087e-1	
2021-02-16	15:35:31	4.27973e2	5.13542e1	7.38884e1	6.7357072e-2	1.2087342e1	7.4000267e-1	
2021-02-16	15:35:31	4.35233e2	5.13542e1	7.38837e1	6.8179616e-2	1.2095735e1	7.2913961e-1	
2021-02-16	15:35:32	4.44767e2	5.13542e1	7.38927e1	6.9249863e-2	1.2080628e1	7.2031168e-1	
2021-02-16	15:35:32	4.46299e2	5.13542e1	7.38939e1	6.9420881e-2	1.2078111e1	7.2348790e-1	
2021-02-16	15:35:33	4.40678e2	5.13542e1	7.38907e1	6.8792257e-2	1.2083985e1	7.2766070e-1	
2021-02-16	15:35:33	4.34561e2	5.13575e1	7.38957e1	6.8103265e-2	1.2078111e1	7.2503609e-1	
2021-02-16	15:35:34	4.33059e2	5.13575e1	7.38872e1	6.7933454e-2	1.2089860e1	7.3827362e-1	
2021-02-16	15:35:34	4.35473e2	5.13575e1	7.38842e1	6.8206238e-2	1.2087342e1	7.3041887e-1	
2021-02-16	15:35:35	4.39478e2	5.13608e1	7.38925e1	6.8656482e-2	1.2088181e1	7.1807885e-1	
2021-02-16	15:35:35	4.44984e2	5.13608e1	7.38952e1	6.9273166e-2	1.2079789e1	7.2643671e-1	
2021-02-16	15:35:36	4.47283e2	5.13542e1	7.38857e1	6.9530477e-2	1.2078111e1	7.2751097e-1	
2021-02-16	15:35:36	4.44000e2	5.13542e1	7.38962e1	6.9164223e-2	1.2078950e1	7.3043675e-1	
2021-02-16	15:35:37	4.42100e2	5.13542e1	7.38815e1	6.8951597e-2	1.2101609e1	7.4302220e-1	
2021-02-16	15:35:37	4.35050e2	5.13542e1	7.38832e1	6.8158988e-2	1.2085664e1	7.2815532e-1	
2021-02-16	15:35:38	4.26237e2	5.13443e1	7.38970e1	6.7160940e-2	1.2077271e1	7.1831216e-1	
2021-02-16	15:35:38	4.26496e2	5.13476e1	7.38939e1	6.7189955e-2	1.2082307e1	7.2785062e-1	
2021-02-16	15:35:39	4.29880e2	5.13575e1	7.38884e1	6.7573285e-2	1.2075593e1	7.2054767e-1	
2021-02-16	15:35:39	4.28485e2	5.13575e1	7.38975e1	6.7414879e-2	1.2086503e1	7.2529954e-1	
2021-02-16	15:35:40	4.23048e2	5.13542e1	7.38877e1	6.6795396e-2	1.2100770e1	7.3935370e-1	
2021-02-16	15:35:40	4.21110e2	5.13509e1	7.38824e1	6.6573972e-2	1.2081468e1	7.2926864e-1	
2021-02-16	15:35:41	4.20647e2	5.13542e1	7.38945e1	6.6520357e-2	1.2083985e1	7.2032279e-1	
2021-02-16	15:35:41	4.20285e2	5.13509e1	7.38929e1	6.6479358e-2	1.2094056e1	7.2751407e-1	
2021-02-16	15:35:42	4.21856e2	5.13542e1	7.38882e1	6.6658968e-2	1.2074754e1	7.2259988e-1	
2021-02-16	15:35:42	4.23866e2	5.13575e1	7.38970e1	6.6888384e-2	1.2088181e1	7.2861709e-1	
2021-02-16	15:35:43	4.25000e2	5.13509e1	7.38837e1	6.7018842e-2	1.2095735e1	7.4299192e-1	
2021-02-16	15:35:43	4.25368e2	5.13542e1	7.38807e1	6.7060351e-2	1.2083985e1	7.2821340e-1	
2021-02-16	15:35:44	4.25509e2	5.13542e1	7.38952e1	6.7076444e-2	1.2089021e1	7.2006468e-1	
2021-02-16	15:35:44	4.24752e2	5.13542e1	7.38915e1	6.6990132e-2	1.2077271e1	7.2721142e-1	
2021-02-16	15:35:45	4.22795e2	5.13509e1	7.38884e1	6.6766929e-2	1.2083985e1	7.2250118e-1	
2021-02-16	15:35:45	4.22132e2	5.13509e1	7.38977e1	6.6691026e-2	1.2073075e1	7.2801351e-1	
2021-02-16	15:35:46	4.23045e2	5.13509e1	7.38837e1	6.6795578e-2	1.2097413e1	7.4194774e-1	
2021-02-16	15:35:46	4.23220e2	5.13542e1	7.38802e1	6.6815042e-2	1.2085664e1	7.2633581e-1	
2021-02-16	15:35:47	4.24541e2	5.13542e1	7.38982e1	6.6965961e-2	1.2094895e1	7.1967811e-1	
2021-02-16	15:35:47	4.25935e2	5.13575e1	7.38922e1	6.7124514e-2	1.2084825e1	7.2921371e-1	
2021-02-16	15:35:48	4.25742e2	5.13575e1	7.38892e1	6.7102556e-2	1.2072236e1	7.2224378e-1	
2021-02-16	15:35:48	4.25649e2	5.13575e1	7.38987e1	6.7091965e-2	1.2072236e1	7.2680740e-1	
2021-02-16	15:35:49	4.27785e2	5.13542e1	7.38854e1	6.7335777e-2	1.2098252e1	7.4017004e-1	
2021-02-16	15:35:49	4.28387e2	5.13509e1	7.38824e1	6.7404656e-2	1.2085664e1	7.2897868e-1	
2021-02-16	15:35:50	4.25965e2	5.13542e1	7.38942e1	6.7128424e-2	1.2088181e1	7.1846284e-1	
2021-02-16	15:35:50	4.23751e2	5.13575e1	7.38939e1	6.6875247e-2	1.2083146e1	7.2554988e-1	
2021-02-16	15:35:51	4.23011e2	5.13542e1	7.38887e1	6.6791181e-2	1.2080628e1	7.2466206e-1	
2021-02-16	15:35:51	4.21153e2	5.13542e1	7.38977e1	6.6578435e-2	1.2077271e1	7.2426776e-1	
2021-02-16	15:35:52	4.18309e2	5.13542e1	7.38887e1	6.6251907e-2	1.2093217e1	7.3833746e-1	
2021-02-16	15:35:52	4.19033e2	5.13575e1	7.38820e1	6.6334686e-2	1.2092378e1	7.3046855e-1	
2021-02-16	15:35:53	4.18952e2	5.13575e1	7.38932e1	6.6325368e-2	1.2082307e1	7.1929111e-1	
2021-02-16	15:35:53	4.16822e2	5.13542e1	7.38945e1	6.6080813e-2	1.2073915e1	7.2360229e-1	
2021-02-16	15:35:54	4.15934e2	5.13542e1	7.38874e1	6.5978479e-2	1.2085664e1	7.2447366e-1	
2021-02-16	15:35:54	4.14656e2	5.13509e1	7.38962e1	6.5831494e-2	1.2081468e1	7.2782731e-1	
2021-02-16	15:35:55	4.15108e2	5.13542e1	7.38842e1	6.5883226e-2	1.2086503e1	7.4055714e-1	
2021-02-16	15:35:55	4.16599e2	5.13575e1	7.38827e1	6.6054606e-2	1.2081468e1	7.2851324e-1	
2021-02-16	15:35:56	4.15202e2	5.13542e1	7.38932e1	6.5894098e-2	1.2096574e1	7.1844811e-1	
2021-02-16	15:35:56	4.11017e2	5.13542e1	7.38955e1	6.5410089e-2	1.2083985e1	7.2385053e-1	
2021-02-16	15:35:57	4.07566e2	5.13542e1	7.38895e1	6.5009188e-2	1.2070558e1	7.2566909e-1	
2021-02-16	15:35:57	4.07059e2	5.13575e1	7.38957e1	6.4949645e-2	1.2082307e1	7.2653126e-1	
2021-02-16	15:35:58	4.07721e2	5.13542e1	7.38872e1	6.5027198e-2	1.2090699e1	7.3846454e-1	
2021-02-16	15:35:58	4.08758e2	5.13542e1	7.38822e1	6.5147762e-2	1.2081468e1	7.2805113e-1	
2021-02-16	15:35:59	4.09212e2	5.13509e1	7.38970e1	6.5201101e-2	1.2080628e1	7.1743907e-1	
2021-02-16	15:35:59	4.10554e2	5.13575e1	7.38945e1	6.5355815e-2	1.2076432e1	7.2533369e-1	
2021-02-16	15:36:00	4.11425e2	5.13575e1	7.38910e1	6.5456829e-2	1.2073915e1	7.2155189e-1	
2021-02-16	15:36:00	4.10663e2	5.13542e1	7.38994e1	6.5368957e-2	1.2080628e1	7.3049783e-1	
2021-02-16	15:36:01	4.10714e2	5.13542e1	7.38789e1	6.5374946e-2	1.2089021e1	7.4006929e-1	
2021-02-16	15:36:01	4.10642e2	5.13575e1	7.38860e1	6.5366086e-2	1.2083985e1	7.2227916e-1	
2021-02-16	15:36:02	4.10642e2	5.13575e1	7.38860e1	6.5366086e-2	1.2083985e1	7.2227916e-1	
2021-02-16	15:36:02	4.10300e2	5.13542e1	7.38957e1	6.5326919e-2	1.2075593e1	7.2010135e-1	
2021-02-16	15:36:03	4.08441e2	5.13575e1	7.38902e1	6.5110416e-2	1.2087342e1	7.2272663e-1	
2021-02-16	15:36:03	4.04737e2	5.13575e1	7.38895e1	6.4678850e-2	1.2075593e1	7.3353157e-1	
2021-02-16	15:36:04	4.05850e2	5.13542e1	7.38820e1	6.4809250e-2	1.2082307e1	7.4517927e-1	
2021-02-16	15:36:04	4.07061e2	5.13509e1	7.38762e1	6.4950885e-2	1.2089021e1	7.3647422e-1	
2021-02-16	15:36:05	4.07061e2	5.13509e1	7.38762e1	6.4950885e-2	1.2089021e1	7.3647422e-1	
2021-02-16	15:36:05	4.06601e2	5.13509e1	7.38915e1	6.4897303e-2	1.2073915e1	7.1713166e-1	
2021-02-16	15:36:06	4.06415e2	5.13542e1	7.38955e1	6.4875164e-2	1.2087342e1	7.1743593e-1	
2021-02-16	15:36:06	4.07157e2	5.13575e1	7.38889e1	6.4961099e-2	1.2082307e1	7.3218779e-1	
2021-02-16	15:36:07	4.06861e2	5.13542e1	7.38852e1	6.4927110e-2	1.2075593e1	7.4085659e-1	
2021-02-16	15:36:07	4.06537e2	5.13542e1	7.38770e1	6.4889307e-2	1.2089860e1	7.3788552e-1	
2021-02-16	15:36:08	4.06537e2	5.13542e1	7.38770e1	6.4889307e-2	1.2089860e1	7.3788552e-1	
2021-02-16	15:36:08	4.05710e2	5.13608e1	7.38919e1	6.4791965e-2	1.2083146e1	7.1704030e-1	
2021-02-16	15:36:09	4.06265e2	5.13608e1	7.38955e1	6.4856653e-2	1.2102448e1	7.1562643e-1	
2021-02-16	15:36:09	4.14832e2	5.13575e1	7.38862e1	6.5850820e-2	1.2080628e1	7.3575410e-1	
2021-02-16	15:36:10	4.15853e2	5.13575e1	7.38842e1	6.5968608e-2	1.2086503e1	7.4245805e-1	
2021-02-16	15:36:10	4.13943e2	5.13542e1	7.38792e1	6.5748739e-2	1.2083146e1	7.3626236e-1	
2021-02-16	15:36:11	4.10914e2	5.13575e1	7.38889e1	6.5397620e-2	1.2078111e1	7.1854724e-1	
2021-02-16	15:36:11	4.11139e2	5.13575e1	7.38932e1	6.5423750e-2	1.2086503e1	7.2555356e-1	
2021-02-16	15:36:12	4.13909e2	5.13575e1	7.38860e1	6.5744309e-2	1.2082307e1	7.2932868e-1	
2021-02-16	15:36:12	4.14428e2	5.13575e1	7.38972e1	6.5804219e-2	1.2084825e1	7.1887068e-1	
2021-02-16	15:36:13	4.10832e2	5.13575e1	7.38949e1	6.5388131e-2	1.2097413e1	7.3932223e-1	
2021-02-16	15:36:13	4.08433e2	5.13542e1	7.38767e1	6.5110073e-2	1.2096574e1	7.4220657e-1	
2021-02-16	15:36:14	4.08308e2	5.13542e1	7.38929e1	6.5095515e-2	1.2081468e1	7.1305394e-1	
2021-02-16	15:36:14	4.09558e2	5.13542e1	7.39020e1	6.5240774e-2	1.2083146e1	7.1764011e-1	
2021-02-16	15:36:15	4.12168e2	5.13509e1	7.38899e1	6.5543851e-2	1.2081468e1	7.2710251e-1	
2021-02-16	15:36:15	4.14635e2	5.13509e1	7.38932e1	6.5829129e-2	1.2079789e1	7.3118438e-1	
2021-02-16	15:36:16	4.15189e2	5.13542e1	7.38817e1	6.5892524e-2	1.2092378e1	7.4146366e-1	
2021-02-16	15:36:16	4.11592e2	5.13575e1	7.38822e1	6.5476131e-2	1.2099092e1	7.2756695e-1	
2021-02-16	15:36:17	4.09025e2	5.13542e1	7.38947e1	6.5178861e-2	1.2084825e1	7.2101697e-1	
2021-02-16	15:36:17	4.08091e2	5.13542e1	7.38929e1	6.5070266e-2	1.2090699e1	7.2866849e-1	
2021-02-16	15:36:18	4.08342e2	5.13542e1	7.38870e1	6.5099449e-2	1.2078950e1	7.2934312e-1	
2021-02-16	15:36:18	4.09345e2	5.13542e1	7.38949e1	6.5216064e-2	1.2084825e1	7.2700033e-1	
2021-02-16	15:36:19	4.10139e2	5.13575e1	7.38870e1	6.5307674e-2	1.2083985e1	7.4001016e-1	
2021-02-16	15:36:19	4.09658e2	5.13542e1	7.38815e1	6.5252327e-2	1.2086503e1	7.3256521e-1	
2021-02-16	15:36:20	4.08533e2	5.13542e1	7.38927e1	6.5121622e-2	1.2078950e1	7.1797947e-1	
2021-02-16	15:36:20	4.09225e2	5.13542e1	7.38942e1	6.5202050e-2	1.2079789e1	7.2479066e-1	
2021-02-16	15:36:21	4.09166e2	5.13575e1	7.38880e1	6.5194759e-2	1.2092378e1	7.2755804e-1	
2021-02-16	15:36:21	4.07342e2	5.13575e1	7.38955e1	6.4982562e-2	1.2086503e1	7.2312979e-1	
2021-02-16	15:36:22	4.06353e2	5.13575e1	7.38897e1	6.4867410e-2	1.2079789e1	7.3753528e-1	
2021-02-16	15:36:22	4.07147e2	5.13575e1	7.38797e1	6.4959945e-2	1.2086503e1	7.3259930e-1	
2021-02-16	15:36:23	4.07445e2	5.13542e1	7.38919e1	6.4995040e-2	1.2083146e1	7.1849341e-1	
2021-02-16	15:36:23	4.06919e2	5.13575e1	7.38932e1	6.4933323e-2	1.2082307e1	7.2594194e-1	
2021-02-16	15:36:24	4.07538e2	5.13575e1	7.38867e1	6.5005421e-2	1.2078111e1	7.2766108e-1	
2021-02-16	15:36:24	4.08852e2	5.13575e1	7.38949e1	6.5158281e-2	1.2074754e1	7.2470922e-1	
2021-02-16	15:36:25	4.10835e2	5.13542e1	7.38872e1	6.5388970e-2	1.2082307e1	7.4023747e-1	
2021-02-16	15:36:25	4.11339e2	5.13542e1	7.38779e1	6.5447387e-2	1.2085664e1	7.3541193e-1	
2021-02-16	15:36:26	4.09607e2	5.13542e1	7.38939e1	6.5246429e-2	1.2103288e1	7.1606683e-1	
2021-02-16	15:36:26	4.08817e2	5.13542e1	7.38967e1	6.5154666e-2	1.2076432e1	7.3004822e-1	
2021-02-16	15:36:27	4.09565e2	5.13542e1	7.38809e1	6.5241546e-2	1.2088181e1	7.3927788e-1	
2021-02-16	15:36:27	4.09846e2	5.13542e1	7.38932e1	6.5274243e-2	1.2084825e1	7.1999616e-1	
2021-02-16	15:36:28	4.09524e2	5.13542e1	7.38982e1	6.5236783e-2	1.2087342e1	7.2603387e-1	
2021-02-16	15:36:28	4.09356e2	5.13542e1	7.38832e1	6.5217294e-2	1.2092378e1	7.3517494e-1	
2021-02-16	15:36:29	4.09279e2	5.13542e1	7.38860e1	6.5208377e-2	1.2098252e1	7.2698645e-1	
2021-02-16	15:36:29	4.09118e2	5.13542e1	7.38897e1	6.5189638e-2	1.2078111e1	7.2155799e-1	
2021-02-16	15:36:30	4.09325e2	5.13575e1	7.38919e1	6.5213260e-2	1.2082307e1	7.1994347e-1	
2021-02-16	15:36:30	4.12088e2	5.13542e1	7.38957e1	6.5534167e-2	1.2089021e1	7.3474841e-1	
2021-02-16	15:36:31	4.13837e2	5.13509e1	7.38779e1	6.5736980e-2	1.2089860e1	7.4281215e-1	
2021-02-16	15:36:31	4.12699e2	5.13509e1	7.38822e1	6.5605397e-2	1.2098252e1	7.2533555e-1	
2021-02-16	15:36:32	4.12699e2	5.13509e1	7.38822e1	6.5605397e-2	1.2098252e1	7.2533555e-1	
2021-02-16	15:36:32	4.11078e2	5.13542e1	7.38947e1	6.5417122e-2	1.2086503e1	7.2148604e-1	
2021-02-16	15:36:33	4.09323e2	5.13542e1	7.38870e1	6.5213437e-2	1.2089021e1	7.2490401e-1	
2021-02-16	15:36:33	4.09940e2	5.13575e1	7.38937e1	6.5284624e-2	1.2090699e1	7.2706465e-1	
2021-02-16	15:36:34	4.10772e2	5.13575e1	7.38870e1	6.5381164e-2	1.2093217e1	7.4373397e-1	
2021-02-16	15:36:34	4.11729e2	5.13575e1	7.38815e1	6.5492086e-2	1.2089021e1	7.3525471e-1	
2021-02-16	15:36:35	4.12148e2	5.13575e1	7.38949e1	6.5540528e-2	1.2080628e1	7.1505746e-1	
2021-02-16	15:36:35	4.11395e2	5.13542e1	7.38977e1	6.5453886e-2	1.2092378e1	7.2655286e-1	
2021-02-16	15:36:36	4.10955e2	5.13542e1	7.38824e1	6.5402894e-2	1.2083146e1	7.3753318e-1	
2021-02-16	15:36:36	4.10636e2	5.13509e1	7.38925e1	6.5366353e-2	1.2088181e1	7.2175936e-1	
2021-02-16	15:36:37	4.11334e2	5.13542e1	7.38975e1	6.5446782e-2	1.2086503e1	7.2318987e-1	
2021-02-16	15:36:37	4.13831e2	5.13575e1	7.38872e1	6.5735244e-2	1.2094056e1	7.3206167e-1	
2021-02-16	15:36:38	4.13831e2	5.13575e1	7.38872e1	6.5735244e-2	1.2094056e1	7.3206167e-1	
2021-02-16	15:36:38	4.15999e2	5.13509e1	7.38850e1	6.5986442e-2	1.2104127e1	7.3228464e-1	
2021-02-16	15:36:39	4.12545e2	5.13542e1	7.39012e1	6.5587038e-2	1.2087342e1	7.1628756e-1	
2021-02-16	15:36:39	4.11790e2	5.13542e1	7.38925e1	6.5499610e-2	1.2075593e1	7.4281511e-1	
2021-02-16	15:36:40	4.11340e2	5.13542e1	7.38740e1	6.5447511e-2	1.2097413e1	7.4516291e-1	
2021-02-16	15:36:40	4.11397e2	5.13542e1	7.38854e1	6.5454092e-2	1.2078111e1	7.2034702e-1	
2021-02-16	15:36:41	4.13603e2	5.13542e1	7.38980e1	6.5709347e-2	1.2087342e1	7.2387723e-1	
2021-02-16	15:36:41	4.14221e2	5.13542e1	7.38862e1	6.5780792e-2	1.2082307e1	7.3504495e-1	
2021-02-16	15:36:42	4.14703e2	5.13509e1	7.38897e1	6.5836992e-2	1.2091538e1	7.2080678e-1	
2021-02-16	15:36:42	4.20171e2	5.13542e1	7.38990e1	6.6465783e-2	1.2099092e1	7.2321014e-1	
2021-02-16	15:36:43	4.28683e2	5.13608e1	7.38847e1	6.7436866e-2	1.2093217e1	7.4150567e-1	
2021-02-16	15:36:43	4.32493e2	5.13542e1	7.38802e1	6.7869968e-2	1.2081468e1	7.3014907e-1	
2021-02-16	15:36:44	4.29464e2	5.13542e1	7.38945e1	6.7526578e-2	1.2083146e1	7.1712641e-1	
2021-02-16	15:36:44	4.25213e2	5.13542e1	7.38929e1	6.7042708e-2	1.2076432e1	7.2896556e-1	
2021-02-16	15:36:45	4.23190e2	5.13575e1	7.38827e1	6.6811060e-2	1.2084825e1	7.3096637e-1	
2021-02-16	15:36:45	4.22514e2	5.13542e1	7.38929e1	6.6734313e-2	1.2086503e1	7.2220592e-1	
2021-02-16	15:36:46	4.23388e2	5.13542e1	7.38907e1	6.6834278e-2	1.2095735e1	7.3798875e-1	
2021-02-16	15:36:46	4.23308e2	5.13509e1	7.38755e1	6.6825604e-2	1.2107484e1	7.3666930e-1	
2021-02-16	15:36:47	4.20876e2	5.13575e1	7.38939e1	6.6546144e-2	1.2080628e1	7.1611633e-1	
2021-02-16	15:36:47	4.19947e2	5.13575e1	7.38967e1	6.6439580e-2	1.2083985e1	7.2994499e-1	
2021-02-16	15:36:48	4.20072e2	5.13509e1	7.38802e1	6.6454925e-2	1.2101609e1	7.3515152e-1	
2021-02-16	15:36:48	4.19926e2	5.13542e1	7.38922e1	6.6437711e-2	1.2095735e1	7.1976609e-1	
2021-02-16	15:36:49	4.20335e2	5.13608e1	7.38970e1	6.6483650e-2	1.2099092e1	7.3492832e-1	
2021-02-16	15:36:49	4.20618e2	5.13575e1	7.38759e1	6.6516542e-2	1.2107484e1	7.4257540e-1	
2021-02-16	15:36:50	4.19309e2	5.13509e1	7.38925e1	6.6367363e-2	1.2083985e1	7.1567068e-1	
2021-02-16	15:36:50	4.20431e2	5.13509e1	7.38997e1	6.6496095e-2	1.2083985e1	7.2110991e-1	
2021-02-16	15:36:51	4.22057e2	5.13509e1	7.38850e1	6.6682443e-2	1.2078950e1	7.3107099e-1	
2021-02-16	15:36:51	4.21003e2	5.13509e1	7.38917e1	6.6561694e-2	1.2084825e1	7.3036246e-1	
2021-02-16	15:36:52	4.22092e2	5.13509e1	7.38817e1	6.6686439e-2	1.2095735e1	7.3934559e-1	
2021-02-16	15:36:52	4.25731e2	5.13509e1	7.38835e1	6.7102246e-2	1.2099931e1	7.2849025e-1	
2021-02-16	15:36:53	4.28438e2	5.13542e1	7.38895e1	6.7409992e-2	1.2092378e1	7.2382159e-1	
2021-02-16	15:36:53	4.27733e2	5.13542e1	7.38915e1	6.7329854e-2	1.2084825e1	7.2815332e-1	
2021-02-16	15:36:54	4.24925e2	5.13509e1	7.38864e1	6.7010288e-2	1.2077271e1	7.2538475e-1	
2021-02-16	15:36:54	4.24558e2	5.13509e1	7.38922e1	6.6968355e-2	1.2083146e1	7.3419017e-1	
2021-02-16	15:36:55	4.27872e2	5.13509e1	7.38775e1	6.7346153e-2	1.2092378e1	7.4459638e-1	
2021-02-16	15:36:55	4.29342e2	5.13575e1	7.38837e1	6.7512264e-2	1.2087342e1	7.2271943e-1	
2021-02-16	15:36:56	4.27987e2	5.13575e1	7.38947e1	6.7358198e-2	1.2108323e1	7.2597336e-1	
2021-02-16	15:36:56	4.24886e2	5.13575e1	7.38850e1	6.7004828e-2	1.2083146e1	7.3521809e-1	
2021-02-16	15:36:57	4.23875e2	5.13575e1	7.38867e1	6.6889457e-2	1.2081468e1	7.2034096e-1	
2021-02-16	15:36:57	4.24953e2	5.13542e1	7.38997e1	6.7013025e-2	1.2079789e1	7.2653098e-1	
2021-02-16	15:36:58	4.26170e2	5.13509e1	7.38847e1	6.7152333e-2	1.2083985e1	7.4341912e-1	
2021-02-16	15:36:58	4.26600e2	5.13509e1	7.38809e1	6.7201261e-2	1.2090699e1	7.2950119e-1	
2021-02-16	15:36:59	4.26600e2	5.13509e1	7.38809e1	6.7201261e-2	1.2090699e1	7.2950119e-1	
2021-02-16	15:36:59	4.26783e2	5.13575e1	7.38934e1	6.7221155e-2	1.2083985e1	7.1848611e-1	
2021-02-16	15:37:00	4.25778e2	5.13575e1	7.38929e1	6.7106652e-2	1.2077271e1	7.2088866e-1	
2021-02-16	15:37:00	4.25145e2	5.13575e1	7.38925e1	6.7034392e-2	1.2081468e1	7.3188161e-1	
2021-02-16	15:37:01	4.22279e2	5.13542e1	7.38872e1	6.6707410e-2	1.2089021e1	7.4396018e-1	
2021-02-16	15:37:01	4.19176e2	5.13542e1	7.38775e1	6.6351532e-2	1.2088181e1	7.3864183e-1	
2021-02-16	15:37:02	4.19240e2	5.13542e1	7.38937e1	6.6358861e-2	1.2085664e1	7.1727800e-1	
2021-02-16	15:37:02	4.18144e2	5.13575e1	7.39002e1	6.6232419e-2	1.2092378e1	7.2496743e-1	
2021-02-16	15:37:03	4.16181e2	5.13542e1	7.38864e1	6.6006989e-2	1.2092378e1	7.3488464e-1	
2021-02-16	15:37:03	4.13883e2	5.13476e1	7.38934e1	6.5742783e-2	1.2086503e1	7.2491102e-1	
2021-02-16	15:37:04	4.18150e2	5.13542e1	7.38905e1	6.6233606e-2	1.2082307e1	7.3528661e-1	
2021-02-16	15:37:04	4.29846e2	5.13542e1	7.38792e1	6.7569942e-2	1.2099092e1	7.3438911e-1	
2021-02-16	15:37:05	4.29846e2	5.13542e1	7.38792e1	6.7569942e-2	1.2099092e1	7.3438911e-1	
2021-02-16	15:37:05	4.32664e2	5.13542e1	7.38947e1	6.7889380e-2	1.2078950e1	7.1860828e-1	
2021-02-16	15:37:06	4.41075e2	5.13542e1	7.39002e1	6.8836746e-2	1.2087342e1	7.2460565e-1	
2021-02-16	15:37:06	4.48478e2	5.13542e1	7.38877e1	6.9663562e-2	1.2089021e1	7.4247841e-1	
2021-02-16	15:37:07	4.43022e2	5.13542e1	7.38789e1	6.9054794e-2	1.2093217e1	7.3907814e-1	
2021-02-16	15:37:07	4.33708e2	5.13542e1	7.38850e1	6.8007364e-2	1.2084825e1	7.2849512e-1	
2021-02-16	15:37:08	4.33708e2	5.13542e1	7.38850e1	6.8007364e-2	1.2084825e1	7.2849512e-1	
2021-02-16	15:37:08	4.23687e2	5.13476e1	7.38917e1	6.6869411e-2	1.2082307e1	7.2258276e-1	
2021-02-16	15:37:09	4.08890e2	5.13542e1	7.38972e1	6.5163140e-2	1.2089860e1	7.2101335e-1	
2021-02-16	15:37:09	4.08723e2	5.13509e1	7.38905e1	6.5144176e-2	1.2085664e1	7.4441347e-1	
2021-02-16	15:37:10	4.10995e2	5.13575e1	7.38762e1	6.5406966e-2	1.2100770e1	7.4690551e-1	
2021-02-16	15:37:10	4.12397e2	5.13608e1	7.38827e1	6.5568885e-2	1.2083985e1	7.2559747e-1	
2021-02-16	15:37:11	4.12397e2	5.13608e1	7.38827e1	6.5568885e-2	1.2083985e1	7.2559747e-1	
2021-02-16	15:37:11	4.12683e2	5.13542e1	7.38955e1	6.5603017e-2	1.2086503e1	7.2139315e-1	
2021-02-16	15:37:12	4.14998e2	5.13542e1	7.39014e1	6.5870485e-2	1.2077271e1	7.1731896e-1	
2021-02-16	15:37:12	4.16614e2	5.13575e1	7.38955e1	6.6056323e-2	1.2078950e1	7.3566980e-1	
2021-02-16	15:37:13	4.16517e2	5.13542e1	7.38787e1	6.6045637e-2	1.2107484e1	7.4717926e-1	
2021-02-16	15:37:13	4.13678e2	5.13542e1	7.38815e1	6.5718078e-2	1.2081468e1	7.2640728e-1	
2021-02-16	15:37:14	4.13678e2	5.13542e1	7.38815e1	6.5718078e-2	1.2081468e1	7.2640728e-1	
2021-02-16	15:37:14	4.12638e2	5.13542e1	7.38994e1	6.5597829e-2	1.2088181e1	7.1958484e-1	
2021-02-16	15:37:15	4.15030e2	5.13542e1	7.38964e1	6.5874247e-2	1.2082307e1	7.1827530e-1	
2021-02-16	15:37:15	4.13839e2	5.13542e1	7.38945e1	6.5736618e-2	1.2078111e1	7.3613443e-1	
2021-02-16	15:37:16	4.13124e2	5.13575e1	7.38755e1	6.5653553e-2	1.2097413e1	7.4490933e-1	
2021-02-16	15:37:16	4.13146e2	5.13542e1	7.38809e1	6.5656571e-2	1.2100770e1	7.2576909e-1	
2021-02-16	15:37:17	4.13146e2	5.13542e1	7.38809e1	6.5656571e-2	1.2100770e1	7.2576909e-1	
2021-02-16	15:37:17	4.11998e2	5.13542e1	7.39004e1	6.5523729e-2	1.2101609e1	7.1952123e-1	
2021-02-16	15:37:18	4.11891e2	5.13542e1	7.38970e1	6.5511317e-2	1.2089021e1	7.1565856e-1	
2021-02-16	15:37:18	4.11244e2	5.13509e1	7.38977e1	6.5436787e-2	1.2082307e1	7.3135480e-1	
2021-02-16	15:37:19	4.11778e2	5.13509e1	7.38794e1	6.5498714e-2	1.2088181e1	7.4555120e-1	
2021-02-16	15:37:19	4.12725e2	5.13542e1	7.38794e1	6.5607910e-2	1.2086503e1	7.2754182e-1	
2021-02-16	15:37:20	4.12725e2	5.13542e1	7.38794e1	6.5607910e-2	1.2086503e1	7.2754182e-1	
2021-02-16	15:37:20	4.14133e2	5.13509e1	7.39014e1	6.5771169e-2	1.2087342e1	7.1584372e-1	
2021-02-16	15:37:21	4.14054e2	5.13509e1	7.38960e1	6.5762042e-2	1.2083146e1	7.1650972e-1	
2021-02-16	15:37:21	4.13532e2	5.13542e1	7.38939e1	6.5701174e-2	1.2073915e1	7.3756623e-1	
2021-02-16	15:37:22	4.13319e2	5.13542e1	7.38782e1	6.5676603e-2	1.2103288e1	7.4237432e-1	
2021-02-16	15:37:22	4.12843e2	5.13509e1	7.38815e1	6.5621986e-2	1.2083146e1	7.2967939e-1	
2021-02-16	15:37:23	4.12843e2	5.13509e1	7.38815e1	6.5621986e-2	1.2083146e1	7.2967939e-1	
2021-02-16	15:37:23	4.13587e2	5.13542e1	7.38955e1	6.5707588e-2	1.2095735e1	7.2162761e-1	
2021-02-16	15:37:24	4.16022e2	5.13575e1	7.38962e1	6.5988154e-2	1.2078111e1	7.1749124e-1	
2021-02-16	15:37:24	4.14673e2	5.13575e1	7.39000e1	6.5832562e-2	1.2087342e1	7.2544269e-1	
2021-02-16	15:37:25	4.15245e2	5.13575e1	7.38824e1	6.5898561e-2	1.2094056e1	7.4798684e-1	
2021-02-16	15:37:25	4.14855e2	5.13542e1	7.38765e1	6.5853986e-2	1.2099931e1	7.3293633e-1	
2021-02-16	15:37:26	4.14855e2	5.13542e1	7.38765e1	6.5853986e-2	1.2099931e1	7.3293633e-1	
2021-02-16	15:37:26	4.13598e2	5.13542e1	7.38947e1	6.5708823e-2	1.2093217e1	7.1915726e-1	
2021-02-16	15:37:27	4.13299e2	5.13542e1	7.38994e1	6.5674300e-2	1.2094895e1	7.1923217e-1	
2021-02-16	15:37:27	4.13770e2	5.13509e1	7.38910e1	6.5729150e-2	1.2082307e1	7.4065647e-1	
2021-02-16	15:37:28	4.15248e2	5.13542e1	7.38740e1	6.5899348e-2	1.2091538e1	7.4563570e-1	
2021-02-16	15:37:28	4.13563e2	5.13542e1	7.38789e1	6.5704813e-2	1.2087342e1	7.2813754e-1	
2021-02-16	15:37:29	4.13563e2	5.13542e1	7.38789e1	6.5704813e-2	1.2087342e1	7.2813754e-1	
2021-02-16	15:37:29	4.13620e2	5.13542e1	7.38960e1	6.5711331e-2	1.2098252e1	7.2048287e-1	
2021-02-16	15:37:30	4.13851e2	5.13542e1	7.38972e1	6.5738034e-2	1.2094895e1	7.1609044e-1	
2021-02-16	15:37:30	4.14716e2	5.13509e1	7.38942e1	6.5838432e-2	1.2082307e1	7.3439130e-1	
2021-02-16	15:37:31	4.16267e2	5.13542e1	7.38794e1	6.6016821e-2	1.2095735e1	7.4208312e-1	
2021-02-16	15:37:31	4.15421e2	5.13575e1	7.38765e1	6.5918788e-2	1.2093217e1	7.3244228e-1	
2021-02-16	15:37:32	4.15421e2	5.13575e1	7.38765e1	6.5918788e-2	1.2093217e1	7.3244228e-1	
2021-02-16	15:37:32	4.14046e2	5.13575e1	7.38912e1	6.5760064e-2	1.2094895e1	7.2322053e-1	
2021-02-16	15:37:33	4.16467e2	5.13542e1	7.38982e1	6.6039891e-2	1.2098252e1	7.1582007e-1	
2021-02-16	15:37:33	4.16649e2	5.13542e1	7.38937e1	6.6060829e-2	1.2082307e1	7.3812150e-1	
