"2021-03-10 at 8:38"
System_Date_(Y-M-D)	System_Time_(h:m:s)	CO₂_(µmol_mol⁻¹)	Cell_Temperature_(°C)	Cell_Pressure_(kPa)	CO₂_Absorption	Input_Voltage_(V)	Flow_Rate_(L_min⁻¹)	
2021-03-10	8:38:53	4.29169e2	5.13575e1	7.45412e1	6.7492599e-2	1.2088181e1	0	
2021-03-10	8:38:54	4.29032e2	5.13542e1	7.45390e1	6.7477536e-2	1.2086503e1	0	
2021-03-10	8:38:54	4.29700e2	5.13575e1	7.45412e1	6.7552814e-2	1.2093217e1	0	
2021-03-10	8:38:55	4.29407e2	5.13608e1	7.45429e1	6.7519102e-2	1.2088181e1	0	
2021-03-10	8:38:55	4.29332e2	5.13575e1	7.45407e1	6.7511029e-2	1.2087342e1	0	
2021-03-10	8:38:56	4.30096e2	5.13575e1	7.45432e1	6.7597827e-2	1.2099931e1	0	
2021-03-10	8:38:56	4.29419e2	5.13575e1	7.45422e1	6.7520914e-2	1.2089860e1	0	
2021-03-10	8:38:57	4.28550e2	5.13575e1	7.45399e1	6.7422189e-2	1.2086503e1	0	
2021-03-10	8:38:57	4.29820e2	5.13575e1	7.45399e1	6.7566447e-2	1.2094895e1	0	
2021-03-10	8:38:58	4.29566e2	5.13542e1	7.45410e1	6.7538113e-2	1.2085664e1	0	
2021-03-10	8:38:58	4.28839e2	5.13509e1	7.45414e1	6.7456073e-2	1.2085664e1	0	
2021-03-10	8:38:59	4.28919e2	5.13575e1	7.45417e1	6.7464141e-2	1.2090699e1	0	
2021-03-10	8:38:59	4.28436e2	5.13575e1	7.45410e1	6.7409300e-2	1.2088181e1	0	
2021-03-10	8:39:00	4.29648e2	5.13542e1	7.45417e1	6.7547416e-2	1.2101609e1	0	
2021-03-10	8:39:00	4.29404e2	5.13575e1	7.45390e1	6.7519259e-2	1.2083985e1	0	
2021-03-10	8:39:01	4.28436e2	5.13608e1	7.45435e1	6.7408742e-2	1.2086503e1	0	
2021-03-10	8:39:01	4.29272e2	5.13608e1	7.45399e1	6.7503795e-2	1.2089021e1	0	
2021-03-10	8:39:02	4.29272e2	5.13608e1	7.45399e1	6.7503795e-2	1.2089021e1	0	
2021-03-10	8:39:02	4.29152e2	5.13542e1	7.45412e1	6.7491102e-2	1.2087342e1	0	
2021-03-10	8:39:03	4.29252e2	5.13575e1	7.45422e1	6.7502017e-2	1.2088181e1	0	
2021-03-10	8:39:03	4.29747e2	5.13575e1	7.45399e1	6.7558264e-2	1.2089021e1	0	
2021-03-10	8:39:04	4.30080e2	5.13575e1	7.45102e1	6.7595968e-2	1.2083146e1	2.5139329e-1	
2021-03-10	8:39:04	4.36640e2	5.13575e1	7.43480e1	6.8337769e-2	1.2083146e1	5.5527515e-1	
2021-03-10	8:39:05	4.39458e2	5.13575e1	7.41815e1	6.8654828e-2	1.2084825e1	6.5703592e-1	
2021-03-10	8:39:05	4.33436e2	5.13575e1	7.41132e1	6.7976121e-2	1.2074754e1	7.0564980e-1	
2021-03-10	8:39:06	4.27862e2	5.13542e1	7.40867e1	6.7344479e-2	1.2067201e1	7.3706912e-1	
2021-03-10	8:39:06	4.27036e2	5.13542e1	7.40820e1	6.7250518e-2	1.2083985e1	7.5180320e-1	
2021-03-10	8:39:07	4.30200e2	5.13542e1	7.40757e1	6.7610144e-2	1.2074754e1	7.3530969e-1	
2021-03-10	8:39:07	4.32215e2	5.13575e1	7.40824e1	6.7838048e-2	1.2053773e1	7.2272253e-1	
2021-03-10	8:39:08	4.26231e2	5.13575e1	7.40650e1	6.7158226e-2	1.2044541e1	7.5681047e-1	
2021-03-10	8:39:08	4.13405e2	5.13509e1	7.40569e1	6.5686998e-2	1.2043702e1	7.6185159e-1	
2021-03-10	8:39:09	4.07391e2	5.13542e1	7.40467e1	6.4988760e-2	1.2063844e1	7.6249485e-1	
2021-03-10	8:39:09	4.07764e2	5.13542e1	7.40549e1	6.5032243e-2	1.2058808e1	7.5040507e-1	
2021-03-10	8:39:10	4.08565e2	5.13542e1	7.40560e1	6.5125374e-2	1.2035310e1	7.5359783e-1	
2021-03-10	8:39:10	4.10735e2	5.13542e1	7.40547e1	6.5377321e-2	1.2061326e1	7.6245360e-1	
2021-03-10	8:39:11	4.11913e2	5.13542e1	7.40485e1	6.5513854e-2	1.2062165e1	7.5676479e-1	
2021-03-10	8:39:11	4.11306e2	5.13509e1	7.40607e1	6.5443997e-2	1.2052934e1	7.4727749e-1	
2021-03-10	8:39:12	4.12402e2	5.13509e1	7.40537e1	6.5570917e-2	1.2045381e1	7.6523885e-1	
2021-03-10	8:39:12	4.13352e2	5.13476e1	7.40477e1	6.5681400e-2	1.2050416e1	7.5786428e-1	
2021-03-10	8:39:13	4.12018e2	5.13509e1	7.40554e1	6.5526494e-2	1.2050416e1	7.4920225e-1	
2021-03-10	8:39:13	4.11936e2	5.13509e1	7.40585e1	6.5517015e-2	1.2073915e1	7.5951457e-1	
2021-03-10	8:39:14	4.13199e2	5.13509e1	7.40472e1	6.5663151e-2	1.2059648e1	7.5827498e-1	
2021-03-10	8:39:14	4.12152e2	5.13509e1	7.40657e1	6.5542030e-2	1.2067201e1	7.3319549e-1	
2021-03-10	8:39:15	4.11629e2	5.13509e1	7.40677e1	6.5481481e-2	1.2062165e1	7.5067768e-1	
2021-03-10	8:39:15	4.12526e2	5.13509e1	7.40524e1	6.5585365e-2	1.2057969e1	7.6682419e-1	
2021-03-10	8:39:16	4.12113e2	5.13476e1	7.40512e1	6.5537986e-2	1.2050416e1	7.4589385e-1	
2021-03-10	8:39:16	4.11448e2	5.13476e1	7.40632e1	6.5460972e-2	1.2068879e1	7.4421024e-1	
2021-03-10	8:39:17	4.11650e2	5.13542e1	7.40537e1	6.5483450e-2	1.2070558e1	7.5125432e-1	
2021-03-10	8:39:17	4.10973e2	5.13509e1	7.40647e1	6.5405454e-2	1.2047898e1	7.4028120e-1	
2021-03-10	8:39:18	4.09867e2	5.13443e1	7.40579e1	6.5278110e-2	1.2058808e1	7.5729207e-1	
2021-03-10	8:39:18	4.10314e2	5.13443e1	7.40514e1	6.5329937e-2	1.2060487e1	7.5388197e-1	
2021-03-10	8:39:19	4.10765e2	5.13476e1	7.40577e1	6.5381774e-2	1.2052094e1	7.4574799e-1	
2021-03-10	8:39:19	4.10488e2	5.13476e1	7.40585e1	6.5349607e-2	1.2050416e1	7.5033116e-1	
2021-03-10	8:39:20	4.10469e2	5.13476e1	7.40560e1	6.5347433e-2	1.2050416e1	7.4449224e-1	
2021-03-10	8:39:20	4.10344e2	5.13476e1	7.40687e1	6.5332956e-2	1.2063004e1	7.4614496e-1	
2021-03-10	8:39:21	4.10555e2	5.13476e1	7.40547e1	6.5357408e-2	1.2064683e1	7.6190004e-1	
2021-03-10	8:39:21	4.11113e2	5.13443e1	7.40572e1	6.5422563e-2	1.2067201e1	7.4185571e-1	
2021-03-10	8:39:22	4.11110e2	5.13443e1	7.40664e1	6.5422210e-2	1.2069718e1	7.4918413e-1	
2021-03-10	8:39:22	4.11296e2	5.13476e1	7.40495e1	6.5443325e-2	1.2070558e1	7.5675964e-1	
2021-03-10	8:39:23	4.10567e2	5.13509e1	7.40614e1	6.5358309e-2	1.2052934e1	7.2888860e-1	
2021-03-10	8:39:23	4.10842e2	5.13509e1	7.40739e1	6.5390195e-2	1.2064683e1	7.4476056e-1	
2021-03-10	8:39:24	4.11405e2	5.13509e1	7.40534e1	6.5455503e-2	1.2069718e1	7.7129917e-1	
2021-03-10	8:39:24	4.10707e2	5.13476e1	7.40492e1	6.5375037e-2	1.2058808e1	7.4675188e-1	
2021-03-10	8:39:25	4.10888e2	5.13443e1	7.40657e1	6.5396518e-2	1.2045381e1	7.4067497e-1	
2021-03-10	8:39:25	4.10849e2	5.13443e1	7.40542e1	6.5391969e-2	1.2056291e1	7.5220794e-1	
2021-03-10	8:39:26	4.10421e2	5.13476e1	7.40560e1	6.5341925e-2	1.2053773e1	7.3929853e-1	
2021-03-10	8:39:26	4.10069e2	5.13443e1	7.40689e1	6.5301566e-2	1.2037827e1	7.4612483e-1	
2021-03-10	8:39:27	4.11657e2	5.13476e1	7.40514e1	6.5485119e-2	1.2063844e1	7.6581997e-1	
2021-03-10	8:39:27	4.12075e2	5.13476e1	7.40544e1	6.5533633e-2	1.2050416e1	7.4372491e-1	
2021-03-10	8:39:28	4.11150e2	5.13476e1	7.40664e1	6.5426387e-2	1.2056291e1	7.4820752e-1	
2021-03-10	8:39:28	4.11668e2	5.13443e1	7.40517e1	6.5486993e-2	1.2057969e1	7.5685958e-1	
2021-03-10	8:39:29	4.11232e2	5.13410e1	7.40605e1	6.5436906e-2	1.2063004e1	7.2846899e-1	
2021-03-10	8:39:29	4.11102e2	5.13509e1	7.40735e1	6.5420331e-2	1.2048738e1	7.4517827e-1	
2021-03-10	8:39:30	4.12138e2	5.13509e1	7.40524e1	6.5540370e-2	1.2063004e1	7.7148671e-1	
2021-03-10	8:39:30	4.11348e2	5.13410e1	7.40507e1	6.5450296e-2	1.2065522e1	7.4764780e-1	
2021-03-10	8:39:31	4.10215e2	5.13410e1	7.40632e1	6.5318994e-2	1.2057969e1	7.4040269e-1	
2021-03-10	8:39:31	4.10793e2	5.13476e1	7.40592e1	6.5385065e-2	1.2053773e1	7.5178775e-1	
2021-03-10	8:39:32	4.11360e2	5.13476e1	7.40547e1	6.5450811e-2	1.2052934e1	7.4167871e-1	
2021-03-10	8:39:32	4.11372e2	5.13443e1	7.40689e1	6.5452585e-2	1.2053773e1	7.4591755e-1	
2021-03-10	8:39:33	4.11633e2	5.13476e1	7.40524e1	6.5482435e-2	1.2058808e1	7.6419711e-1	
2021-03-10	8:39:33	4.11049e2	5.13509e1	7.40524e1	6.5414228e-2	1.2048738e1	7.4276995e-1	
2021-03-10	8:39:34	4.11287e2	5.13476e1	7.40647e1	6.5442314e-2	1.2069718e1	7.4821639e-1	
2021-03-10	8:39:34	4.11783e2	5.13443e1	7.40492e1	6.5500311e-2	1.2050416e1	7.5573806e-1	
2021-03-10	8:39:35	4.11420e2	5.13509e1	7.40605e1	6.5457224e-2	1.2050416e1	7.2914428e-1	
2021-03-10	8:39:35	4.11788e2	5.13509e1	7.40737e1	6.5499854e-2	1.2045381e1	7.4406299e-1	
2021-03-10	8:39:36	4.12308e2	5.13443e1	7.40517e1	6.5560998e-2	1.2073075e1	7.7129006e-1	
2021-03-10	8:39:36	4.11764e2	5.13476e1	7.40510e1	6.5497503e-2	1.2042024e1	7.4642281e-1	
2021-03-10	8:39:37	4.11615e2	5.13476e1	7.40635e1	6.5480260e-2	1.2043702e1	7.4093298e-1	
2021-03-10	8:39:37	4.12657e2	5.13410e1	7.40579e1	6.5601897e-2	1.2050416e1	7.5143861e-1	
2021-03-10	8:39:38	4.12377e2	5.13410e1	7.40567e1	6.5569572e-2	1.2048738e1	7.3988418e-1	
2021-03-10	8:39:38	4.11384e2	5.13410e1	7.40702e1	6.5454459e-2	1.2064683e1	7.4613742e-1	
2021-03-10	8:39:39	4.12225e2	5.13443e1	7.40520e1	6.5551490e-2	1.2058808e1	7.6394195e-1	
2021-03-10	8:39:39	4.12473e2	5.13509e1	7.40544e1	6.5579137e-2	1.2058808e1	7.4198322e-1	
2021-03-10	8:39:40	4.12851e2	5.13509e1	7.40567e1	6.5622911e-2	1.2059648e1	7.4658222e-1	
2021-03-10	8:39:40	4.12854e2	5.13476e1	7.40445e1	6.5623707e-2	1.2058808e1	7.5553894e-1	
2021-03-10	8:39:41	4.11590e2	5.13476e1	7.40492e1	6.5477442e-2	1.2049577e1	7.2925753e-1	
2021-03-10	8:39:41	4.11957e2	5.13410e1	7.40644e1	6.5520882e-2	1.2045381e1	7.4174361e-1	
2021-03-10	8:39:42	4.12439e2	5.13344e1	7.40397e1	6.5577650e-2	1.2072236e1	7.6956343e-1	
2021-03-10	8:39:42	4.10943e2	5.13443e1	7.40364e1	6.5402889e-2	1.2055451e1	7.4664664e-1	
2021-03-10	8:39:43	4.14641e2	5.13509e1	7.40530e1	6.5829749e-2	1.2049577e1	7.4108037e-1	
2021-03-10	8:39:43	4.20010e2	5.13509e1	7.40402e1	6.6447782e-2	1.2047059e1	7.5051736e-1	
2021-03-10	8:39:44	4.17141e2	5.13509e1	7.40485e1	6.6118011e-2	1.2057130e1	7.3983039e-1	
2021-03-10	8:39:44	4.13566e2	5.13476e1	7.40592e1	6.5706100e-2	1.2057130e1	7.4474029e-1	
2021-03-10	8:39:45	4.14753e2	5.13410e1	7.40420e1	6.5844225e-2	1.2073915e1	7.6130084e-1	
2021-03-10	8:39:45	4.15087e2	5.13476e1	7.40462e1	6.5881819e-2	1.2050416e1	7.4010772e-1	
2021-03-10	8:39:46	4.12145e2	5.13509e1	7.40560e1	6.5541210e-2	1.2063004e1	7.4243044e-1	
2021-03-10	8:39:46	4.14018e2	5.13509e1	7.40414e1	6.5757884e-2	1.2061326e1	7.5169081e-1	
2021-03-10	8:39:47	4.27182e2	5.13509e1	7.40447e1	6.7267570e-2	1.2047059e1	7.3139810e-1	
2021-03-10	8:39:47	4.51731e2	5.13509e1	7.40619e1	7.0025277e-2	1.2064683e1	7.3985795e-1	
2021-03-10	8:39:48	4.73681e2	5.13509e1	7.40402e1	7.2430348e-2	1.2073075e1	7.6171627e-1	
2021-03-10	8:39:48	4.82350e2	5.13443e1	7.40409e1	7.3366169e-2	1.2060487e1	7.3975377e-1	
2021-03-10	8:39:49	5.01236e2	5.13410e1	7.40572e1	7.5374846e-2	1.2052094e1	7.3365936e-1	
2021-03-10	8:39:49	5.10938e2	5.13476e1	7.40492e1	7.6390628e-2	1.2051255e1	7.5200691e-1	
2021-03-10	8:39:50	4.90665e2	5.13542e1	7.40380e1	7.4253387e-2	1.2060487e1	7.4818234e-1	
2021-03-10	8:39:50	4.79986e2	5.13509e1	7.40582e1	7.3111052e-2	1.2059648e1	7.2594685e-1	
2021-03-10	8:39:51	4.80532e2	5.13509e1	7.40642e1	7.3169708e-2	1.2060487e1	7.4405407e-1	
2021-03-10	8:39:51	4.80412e2	5.13509e1	7.40469e1	7.3156828e-2	1.2073075e1	7.6138596e-1	
2021-03-10	8:39:52	4.70377e2	5.13509e1	7.40472e1	7.2071762e-2	1.2058808e1	7.4067258e-1	
2021-03-10	8:39:52	4.63913e2	5.13476e1	7.40635e1	7.1367430e-2	1.2052934e1	7.3584842e-1	
2021-03-10	8:39:53	4.80573e2	5.13476e1	7.40542e1	7.3174724e-2	1.2044541e1	7.4128293e-1	
2021-03-10	8:39:53	4.92744e2	5.13509e1	7.40632e1	7.4475021e-2	1.2053773e1	7.3674726e-1	
2021-03-10	8:39:54	4.88445e2	5.13476e1	7.40590e1	7.4017882e-2	1.2047898e1	7.5096559e-1	
2021-03-10	8:39:54	4.87474e2	5.13509e1	7.40575e1	7.3913726e-2	1.2056291e1	7.4608855e-1	
2021-03-10	8:39:55	4.69628e2	5.13476e1	7.40595e1	7.1990852e-2	1.2065522e1	7.4006052e-1	
2021-03-10	8:39:55	4.28303e2	5.13509e1	7.40642e1	6.7395200e-2	1.2057130e1	7.4782414e-1	
2021-03-10	8:39:56	4.09526e2	5.13542e1	7.40557e1	6.5237054e-2	1.2062165e1	7.5045752e-1	
2021-03-10	8:39:56	4.21263e2	5.13476e1	7.40745e1	6.6592044e-2	1.2057969e1	7.2466535e-1	
2021-03-10	8:39:57	4.28193e2	5.13443e1	7.40762e1	6.7383618e-2	1.2049577e1	7.3967275e-1	
2021-03-10	8:39:57	4.19772e2	5.13476e1	7.40512e1	6.6420984e-2	1.2060487e1	7.6153039e-1	
2021-03-10	8:39:58	4.12503e2	5.13542e1	7.40497e1	6.5582132e-2	1.2077271e1	7.3936772e-1	
2021-03-10	8:39:58	4.09208e2	5.13509e1	7.40667e1	6.5200614e-2	1.2056291e1	7.3163552e-1	
2021-03-10	8:39:59	4.10468e2	5.13476e1	7.40585e1	6.5347342e-2	1.2057130e1	7.3833427e-1	
2021-03-10	8:39:59	4.12528e2	5.13476e1	7.40659e1	6.5586023e-2	1.2056291e1	7.3709607e-1	
2021-03-10	8:40:00	4.12583e2	5.13509e1	7.40547e1	6.5591864e-2	1.2078111e1	7.4905586e-1	
2021-03-10	8:40:00	4.12109e2	5.13542e1	7.40542e1	6.5536570e-2	1.2073075e1	7.3520607e-1	
2021-03-10	8:40:01	4.11663e2	5.13476e1	7.40640e1	6.5485858e-2	1.2048738e1	7.3580770e-1	
2021-03-10	8:40:01	4.10970e2	5.13443e1	7.40579e1	6.5406060e-2	1.2058808e1	7.3894600e-1	
2021-03-10	8:40:02	4.10599e2	5.13476e1	7.40579e1	6.5362524e-2	1.2051255e1	7.2933011e-1	
2021-03-10	8:40:02	4.10596e2	5.13476e1	7.40705e1	6.5362186e-2	1.2056291e1	7.3678755e-1	
2021-03-10	8:40:03	4.11435e2	5.13476e1	7.40517e1	6.5459461e-2	1.2062165e1	7.5162005e-1	
2021-03-10	8:40:03	4.11151e2	5.13476e1	7.40577e1	6.5426592e-2	1.2068040e1	7.3421258e-1	
2021-03-10	8:40:04	4.11561e2	5.13476e1	7.40687e1	6.5474042e-2	1.2073915e1	7.2923870e-1	
2021-03-10	8:40:04	4.11872e2	5.13542e1	7.40635e1	6.5509166e-2	1.2082307e1	7.4061031e-1	
2021-03-10	8:40:05	4.11943e2	5.13509e1	7.40577e1	6.5517845e-2	1.2053773e1	7.3784265e-1	
2021-03-10	8:40:05	4.11406e2	5.13509e1	7.40722e1	6.5455555e-2	1.2044541e1	7.2622680e-1	
2021-03-10	8:40:06	4.10449e2	5.13509e1	7.40652e1	6.5344657e-2	1.2052934e1	7.4440803e-1	
2021-03-10	8:40:06	4.11623e2	5.13509e1	7.40527e1	6.5480709e-2	1.2069718e1	7.4679069e-1	
2021-03-10	8:40:07	4.10865e2	5.13476e1	7.40640e1	6.5393390e-2	1.2065522e1	7.2591867e-1	
2021-03-10	8:40:07	4.11224e2	5.13476e1	7.40707e1	6.5435047e-2	1.2055451e1	7.3994727e-1	
2021-03-10	8:40:08	4.12548e2	5.13509e1	7.40520e1	6.5587878e-2	1.2068040e1	7.4910731e-1	
2021-03-10	8:40:08	4.11063e2	5.13509e1	7.40735e1	6.5415806e-2	1.2063844e1	7.2150087e-1	
2021-03-10	8:40:09	4.09709e2	5.13476e1	7.40775e1	6.5259218e-2	1.2052094e1	7.2875204e-1	
2021-03-10	8:40:09	4.10894e2	5.13542e1	7.40609e1	6.5395779e-2	1.2063004e1	7.4938082e-1	
2021-03-10	8:40:10	4.11920e2	5.13542e1	7.40582e1	6.5514678e-2	1.2059648e1	7.3453564e-1	
2021-03-10	8:40:10	4.11951e2	5.13575e1	7.40684e1	6.5517797e-2	1.2048738e1	7.2734789e-1	
2021-03-10	8:40:11	4.12186e2	5.13608e1	7.40664e1	6.5544500e-2	1.2076432e1	7.2625498e-1	
2021-03-10	8:40:11	4.12072e2	5.13509e1	7.40712e1	6.5532741e-2	1.2055451e1	7.4486875e-1	
2021-03-10	8:40:12	4.11522e2	5.13476e1	7.40524e1	6.5469493e-2	1.2068040e1	7.5320501e-1	
2021-03-10	8:40:12	4.11221e2	5.13542e1	7.40614e1	6.5433712e-2	1.2054612e1	7.2633762e-1	
2021-03-10	8:40:13	4.11692e2	5.13575e1	7.40737e1	6.5487790e-2	1.2070558e1	7.3696212e-1	
2021-03-10	8:40:13	4.11718e2	5.13542e1	7.40552e1	6.5491247e-2	1.2061326e1	7.4871530e-1	
2021-03-10	8:40:14	4.11333e2	5.13542e1	7.40599e1	6.5446639e-2	1.2054612e1	7.2562828e-1	
2021-03-10	8:40:14	4.11138e2	5.13575e1	7.40764e1	6.5423579e-2	1.2063004e1	7.3511476e-1	
2021-03-10	8:40:15	4.11650e2	5.13575e1	7.40524e1	6.5482959e-2	1.2053773e1	7.6000809e-1	
2021-03-10	8:40:15	4.11761e2	5.13542e1	7.40534e1	6.5496201e-2	1.2055451e1	7.4020442e-1	
2021-03-10	8:40:16	4.11538e2	5.13542e1	7.40664e1	6.5470433e-2	1.2055451e1	7.3654022e-1	
2021-03-10	8:40:16	4.11501e2	5.13575e1	7.40560e1	6.5465621e-2	1.2057130e1	7.4748964e-1	
2021-03-10	8:40:17	4.11890e2	5.13575e1	7.40567e1	6.5510721e-2	1.2071397e1	7.3664593e-1	
2021-03-10	8:40:17	4.12087e2	5.13575e1	7.40667e1	6.5533485e-2	1.2051255e1	7.4373908e-1	
2021-03-10	8:40:18	4.12671e2	5.13542e1	7.40490e1	6.5601654e-2	1.2073915e1	7.6071047e-1	
2021-03-10	8:40:18	4.13273e2	5.13575e1	7.40522e1	6.5670728e-2	1.2059648e1	7.3927922e-1	
2021-03-10	8:40:19	4.12343e2	5.13575e1	7.40640e1	6.5563111e-2	1.2059648e1	7.4201149e-1	
2021-03-10	8:40:19	4.12183e2	5.13509e1	7.40497e1	6.5545625e-2	1.2078950e1	7.5245304e-1	
2021-03-10	8:40:20	4.12032e2	5.13476e1	7.40549e1	6.5528669e-2	1.2057969e1	7.3370885e-1	
2021-03-10	8:40:20	4.12053e2	5.13542e1	7.40677e1	6.5530118e-2	1.2044541e1	7.4382853e-1	
2021-03-10	8:40:21	4.12747e2	5.13542e1	7.40507e1	6.5610404e-2	1.2059648e1	7.6648468e-1	
2021-03-10	8:40:21	4.12168e2	5.13542e1	7.40485e1	6.5543355e-2	1.2051255e1	7.4511532e-1	
2021-03-10	8:40:22	4.11908e2	5.13542e1	7.40625e1	6.5513286e-2	1.2053773e1	7.4025449e-1	
2021-03-10	8:40:22	4.12082e2	5.13542e1	7.40540e1	6.5533428e-2	1.2070558e1	7.5599288e-1	
2021-03-10	8:40:23	4.13053e2	5.13542e1	7.40504e1	6.5645799e-2	1.2058808e1	7.4712219e-1	
2021-03-10	8:40:23	4.13701e2	5.13542e1	7.40635e1	6.5720767e-2	1.2051255e1	7.3750905e-1	
2021-03-10	8:40:24	4.13316e2	5.13542e1	7.40567e1	6.5676188e-2	1.2050416e1	7.5607185e-1	
2021-03-10	8:40:24	4.13097e2	5.13608e1	7.40485e1	6.5649867e-2	1.2059648e1	7.5301990e-1	
2021-03-10	8:40:25	4.14025e2	5.13608e1	7.40569e1	6.5757169e-2	1.2045381e1	7.4318270e-1	
2021-03-10	8:40:25	4.14393e2	5.13542e1	7.40560e1	6.5800642e-2	1.2047059e1	7.4904947e-1	
2021-03-10	8:40:26	4.13796e2	5.13509e1	7.40492e1	6.5732212e-2	1.2057969e1	7.4808788e-1	
2021-03-10	8:40:26	4.12669e2	5.13542e1	7.40630e1	6.5601348e-2	1.2053773e1	7.3701567e-1	
2021-03-10	8:40:27	4.12554e2	5.13575e1	7.40567e1	6.5587568e-2	1.2060487e1	7.5566253e-1	
2021-03-10	8:40:27	4.13302e2	5.13575e1	7.40462e1	6.5674071e-2	1.2059648e1	7.5547413e-1	
2021-03-10	8:40:28	4.13016e2	5.13575e1	7.40552e1	6.5640997e-2	1.2071397e1	7.4034776e-1	
2021-03-10	8:40:28	4.13584e2	5.13575e1	7.40602e1	6.5706672e-2	1.2064683e1	7.4992866e-1	
2021-03-10	8:40:29	4.13874e2	5.13542e1	7.40479e1	6.5740752e-2	1.2056291e1	7.5485062e-1	
2021-03-10	8:40:29	4.13368e2	5.13575e1	7.40590e1	6.5681762e-2	1.2061326e1	7.3365068e-1	
2021-03-10	8:40:30	4.13445e2	5.13608e1	7.40644e1	6.5690174e-2	1.2072236e1	7.4774765e-1	
2021-03-10	8:40:30	4.13686e2	5.13542e1	7.40474e1	6.5719008e-2	1.2060487e1	7.6587734e-1	
2021-03-10	8:40:31	4.14028e2	5.13575e1	7.40472e1	6.5757994e-2	1.2055451e1	7.4644174e-1	
2021-03-10	8:40:31	4.14755e2	5.13542e1	7.40579e1	6.5842475e-2	1.2058808e1	7.4557695e-1	
2021-03-10	8:40:32	4.14632e2	5.13509e1	7.40502e1	6.5828733e-2	1.2059648e1	7.5121593e-1	
2021-03-10	8:40:32	4.13368e2	5.13542e1	7.40619e1	6.5682268e-2	1.2042863e1	7.3886895e-1	
2021-03-10	8:40:33	4.13410e2	5.13509e1	7.40565e1	6.5687561e-2	1.2058808e1	7.5601730e-1	
2021-03-10	8:40:33	4.13863e2	5.13542e1	7.40485e1	6.5739440e-2	1.2056291e1	7.5494122e-1	
2021-03-10	8:40:34	4.13304e2	5.13509e1	7.40537e1	6.5675344e-2	1.2056291e1	7.4132337e-1	
2021-03-10	8:40:34	4.14175e2	5.13509e1	7.40607e1	6.5775928e-2	1.2068040e1	7.5476698e-1	
2021-03-10	8:40:35	4.14403e2	5.13542e1	7.40442e1	6.5801835e-2	1.2057969e1	7.5875396e-1	
2021-03-10	8:40:35	4.12524e2	5.13575e1	7.40640e1	6.5584058e-2	1.2076432e1	7.2831668e-1	
2021-03-10	8:40:36	4.13257e2	5.13608e1	7.40692e1	6.5668435e-2	1.2050416e1	7.4412341e-1	
2021-03-10	8:40:36	4.14561e2	5.13575e1	7.40520e1	6.5819592e-2	1.2051255e1	7.6986522e-1	
2021-03-10	8:40:37	4.13644e2	5.13575e1	7.40469e1	6.5713639e-2	1.2046220e1	7.4853157e-1	
2021-03-10	8:40:37	4.12454e2	5.13575e1	7.40612e1	6.5576019e-2	1.2058808e1	7.3972868e-1	
2021-03-10	8:40:38	4.12757e2	5.13575e1	7.40557e1	6.5611128e-2	1.2075593e1	7.4383211e-1	
2021-03-10	8:40:38	4.13257e2	5.13575e1	7.40637e1	6.5668907e-2	1.2058808e1	7.4807109e-1	
2021-03-10	8:40:39	4.13501e2	5.13542e1	7.40472e1	6.5697622e-2	1.2069718e1	7.6129236e-1	
2021-03-10	8:40:39	4.13594e2	5.13542e1	7.40520e1	6.5708389e-2	1.2062165e1	7.4095258e-1	
2021-03-10	8:40:40	4.13757e2	5.13542e1	7.40625e1	6.5727148e-2	1.2063004e1	7.4758853e-1	
2021-03-10	8:40:40	4.13449e2	5.13542e1	7.40479e1	6.5691585e-2	1.2061326e1	7.5609788e-1	
2021-03-10	8:40:41	4.13622e2	5.13575e1	7.40557e1	6.5711078e-2	1.2052094e1	7.2947621e-1	
2021-03-10	8:40:41	4.13543e2	5.13509e1	7.40715e1	6.5702962e-2	1.2073915e1	7.4076013e-1	
2021-03-10	8:40:42	4.13333e2	5.13509e1	7.40532e1	6.5678730e-2	1.2077271e1	7.6947498e-1	
2021-03-10	8:40:42	4.13604e2	5.13575e1	7.40457e1	6.5709042e-2	1.2073915e1	7.4812440e-1	
2021-03-10	8:40:43	4.11811e2	5.13575e1	7.40605e1	6.5501508e-2	1.2062165e1	7.3944721e-1	
2021-03-10	8:40:43	4.11797e2	5.13575e1	7.40572e1	6.5499992e-2	1.2074754e1	7.5101189e-1	
2021-03-10	8:40:44	4.13165e2	5.13575e1	7.40490e1	6.5658302e-2	1.2045381e1	7.4566001e-1	
2021-03-10	8:40:44	4.12784e2	5.13542e1	7.40644e1	6.5614676e-2	1.2060487e1	7.4073820e-1	
2021-03-10	8:40:45	4.13443e2	5.13542e1	7.40520e1	6.5690851e-2	1.2068040e1	7.5678400e-1	
2021-03-10	8:40:45	4.13359e2	5.13542e1	7.40524e1	6.5681190e-2	1.2059648e1	7.4891705e-1	
2021-03-10	8:40:46	4.12315e2	5.13608e1	7.40544e1	6.5559458e-2	1.2069718e1	7.4761009e-1	
2021-03-10	8:40:46	4.12924e2	5.13575e1	7.40544e1	6.5630397e-2	1.2050416e1	7.4935746e-1	
2021-03-10	8:40:47	4.13246e2	5.13575e1	7.40534e1	6.5667605e-2	1.2057969e1	7.4102096e-1	
2021-03-10	8:40:47	4.11921e2	5.13575e1	7.40647e1	6.5514278e-2	1.2052934e1	7.4669260e-1	
2021-03-10	8:40:48	4.13074e2	5.13575e1	7.40487e1	6.5647735e-2	1.2060487e1	7.6292705e-1	
2021-03-10	8:40:48	4.13598e2	5.13608e1	7.40517e1	6.5707798e-2	1.2060487e1	7.4195909e-1	
2021-03-10	8:40:49	4.12028e2	5.13542e1	7.40617e1	6.5527172e-2	1.2061326e1	7.4116950e-1	
2021-03-10	8:40:49	4.12750e2	5.13509e1	7.40534e1	6.5611181e-2	1.2075593e1	7.5588378e-1	
2021-03-10	8:40:50	4.13400e2	5.13575e1	7.40495e1	6.5685386e-2	1.2051255e1	7.4323930e-1	
2021-03-10	8:40:50	4.12613e2	5.13608e1	7.40650e1	6.5593919e-2	1.2047898e1	7.4069776e-1	
2021-03-10	8:40:51	4.12479e2	5.13608e1	7.40517e1	6.5578408e-2	1.2073075e1	7.5732402e-1	
2021-03-10	8:40:51	4.12621e2	5.13608e1	7.40522e1	6.5594806e-2	1.2052094e1	7.4715099e-1	
2021-03-10	8:40:52	4.13061e2	5.13575e1	7.40560e1	6.5646262e-2	1.2058808e1	7.4878664e-1	
2021-03-10	8:40:52	4.13234e2	5.13575e1	7.40517e1	6.5666294e-2	1.2055451e1	7.4935255e-1	
2021-03-10	8:40:53	4.12249e2	5.13575e1	7.40520e1	6.5552244e-2	1.2057130e1	7.3769979e-1	
2021-03-10	8:40:53	4.11316e2	5.13575e1	7.40640e1	6.5444235e-2	1.2054612e1	7.4902782e-1	
2021-03-10	8:40:54	4.12572e2	5.13608e1	7.40452e1	6.5589151e-2	1.2066361e1	7.6783318e-1	
2021-03-10	8:40:54	4.12566e2	5.13575e1	7.40465e1	6.5588922e-2	1.2052934e1	7.4482326e-1	
2021-03-10	8:40:55	4.10886e2	5.13608e1	7.40595e1	6.5393838e-2	1.2072236e1	7.4419126e-1	
2021-03-10	8:40:55	4.11289e2	5.13575e1	7.40472e1	6.5441040e-2	1.2057969e1	7.5530147e-1	
2021-03-10	8:40:56	4.11523e2	5.13575e1	7.40510e1	6.5468192e-2	1.2063004e1	7.3615894e-1	
2021-03-10	8:40:56	4.10977e2	5.13575e1	7.40662e1	6.5404949e-2	1.2058808e1	7.4627065e-1	
2021-03-10	8:40:57	4.11308e2	5.13575e1	7.40447e1	6.5443229e-2	1.2057969e1	7.6951913e-1	
2021-03-10	8:40:57	4.10957e2	5.13542e1	7.40450e1	6.5403070e-2	1.2058808e1	7.4682979e-1	
2021-03-10	8:40:58	4.11149e2	5.13542e1	7.40592e1	6.5425281e-2	1.2050416e1	7.4328498e-1	
2021-03-10	8:40:58	4.11518e2	5.13509e1	7.40520e1	6.5468645e-2	1.2063844e1	7.5195550e-1	
2021-03-10	8:40:59	4.11000e2	5.13509e1	7.40514e1	6.5408554e-2	1.2059648e1	7.3753070e-1	
2021-03-10	8:40:59	4.10778e2	5.13509e1	7.40654e1	6.5382866e-2	1.2053773e1	7.4621791e-1	
2021-03-10	8:41:00	4.11268e2	5.13575e1	7.40472e1	6.5438604e-2	1.2059648e1	7.6674132e-1	
2021-03-10	8:41:00	4.10920e2	5.13575e1	7.40474e1	6.5398273e-2	1.2059648e1	7.4464836e-1	
2021-03-10	8:41:01	4.10128e2	5.13575e1	7.40625e1	6.5306425e-2	1.2055451e1	7.4071025e-1	
2021-03-10	8:41:01	4.10354e2	5.13575e1	7.40540e1	6.5332641e-2	1.2071397e1	7.5573244e-1	
2021-03-10	8:41:02	4.10281e2	5.13542e1	7.40485e1	6.5324659e-2	1.2053773e1	7.4634122e-1	
2021-03-10	8:41:02	4.09879e2	5.13575e1	7.40644e1	6.5277571e-2	1.2055451e1	7.3857097e-1	
2021-03-10	8:41:03	4.10087e2	5.13575e1	7.40544e1	6.5301713e-2	1.2057130e1	7.5638093e-1	
2021-03-10	8:41:03	4.10829e2	5.13509e1	7.40485e1	6.5388689e-2	1.2057969e1	7.5034432e-1	
2021-03-10	8:41:04	4.11210e2	5.13509e1	7.40549e1	6.5432891e-2	1.2053773e1	7.4487495e-1	
2021-03-10	8:41:04	4.11120e2	5.13575e1	7.40547e1	6.5421495e-2	1.2057130e1	7.4806013e-1	
2021-03-10	8:41:05	4.10350e2	5.13542e1	7.40527e1	6.5332679e-2	1.2063004e1	7.3931474e-1	
2021-03-10	8:41:05	4.10891e2	5.13509e1	7.40657e1	6.5395879e-2	1.2052094e1	7.4491529e-1	
2021-03-10	8:41:06	4.12071e2	5.13509e1	7.40502e1	6.5532588e-2	1.2060487e1	7.6186790e-1	
2021-03-10	8:41:06	4.11186e2	5.13542e1	7.40527e1	6.5429682e-2	1.2054612e1	7.4146118e-1	
2021-03-10	8:41:07	4.10636e2	5.13542e1	7.40630e1	6.5365881e-2	1.2062165e1	7.4281196e-1	
2021-03-10	8:41:07	4.11296e2	5.13509e1	7.40522e1	6.5442829e-2	1.2069718e1	7.5141167e-1	
2021-03-10	8:41:08	4.10778e2	5.13542e1	7.40569e1	6.5382328e-2	1.2053773e1	7.3268241e-1	
2021-03-10	8:41:08	4.10208e2	5.13575e1	7.40677e1	6.5315771e-2	1.2063004e1	7.4187898e-1	
2021-03-10	8:41:09	4.11719e2	5.13542e1	7.40495e1	6.5491385e-2	1.2063004e1	7.6500349e-1	
2021-03-10	8:41:09	4.11126e2	5.13575e1	7.40500e1	6.5422153e-2	1.2049577e1	7.4350166e-1	
2021-03-10	8:41:10	4.09957e2	5.13641e1	7.40627e1	6.5285654e-2	1.2057130e1	7.3833217e-1	
2021-03-10	8:41:10	4.10188e2	5.13608e1	7.40554e1	6.5312919e-2	1.2058808e1	7.4890184e-1	
2021-03-10	8:41:11	4.10170e2	5.13542e1	7.40544e1	6.5311765e-2	1.2059648e1	7.3896350e-1	
2021-03-10	8:41:11	4.10139e2	5.13509e1	7.40652e1	6.5308666e-2	1.2052094e1	7.4340624e-1	
2021-03-10	8:41:12	4.11562e2	5.13542e1	7.40497e1	6.5473170e-2	1.2062165e1	7.5930018e-1	
2021-03-10	8:41:12	4.11637e2	5.13575e1	7.40527e1	6.5481352e-2	1.2076432e1	7.3961901e-1	
2021-03-10	8:41:13	4.11307e2	5.13542e1	7.40640e1	6.5443601e-2	1.2057130e1	7.4267439e-1	
2021-03-10	8:41:13	4.11588e2	5.13509e1	7.40520e1	6.5476722e-2	1.2059648e1	7.5131936e-1	
2021-03-10	8:41:14	4.10985e2	5.13575e1	7.40579e1	6.5405836e-2	1.2055451e1	7.3144807e-1	
2021-03-10	8:41:14	4.10649e2	5.13542e1	7.40707e1	6.5367369e-2	1.2053773e1	7.4023222e-1	
2021-03-10	8:41:15	4.11275e2	5.13542e1	7.40524e1	6.5439887e-2	1.2071397e1	7.6257586e-1	
2021-03-10	8:41:15	4.11029e2	5.13542e1	7.40542e1	6.5411419e-2	1.2061326e1	7.4164333e-1	
2021-03-10	8:41:16	4.10058e2	5.13542e1	7.40625e1	6.5298757e-2	1.2063004e1	7.3760938e-1	
2021-03-10	8:41:16	4.11341e2	5.13542e1	7.40560e1	6.5447635e-2	1.2056291e1	7.4758367e-1	
2021-03-10	8:41:17	4.11184e2	5.13542e1	7.40567e1	6.5429391e-2	1.2054612e1	7.3691315e-1	
2021-03-10	8:41:17	4.10887e2	5.13542e1	7.40684e1	6.5394992e-2	1.2063004e1	7.4278440e-1	
2021-03-10	8:41:18	4.12143e2	5.13509e1	7.40512e1	6.5540957e-2	1.2084825e1	7.5931100e-1	
2021-03-10	8:41:18	4.11939e2	5.13542e1	7.40534e1	6.5516924e-2	1.2059648e1	7.3893041e-1	
2021-03-10	8:41:19	4.11493e2	5.13575e1	7.40654e1	6.5464706e-2	1.2055451e1	7.4111275e-1	
2021-03-10	8:41:19	4.11831e2	5.13608e1	7.40524e1	6.5503396e-2	1.2068040e1	7.5096106e-1	
2021-03-10	8:41:20	4.11059e2	5.13608e1	7.40587e1	6.5413894e-2	1.2057130e1	7.3213615e-1	
2021-03-10	8:41:20	4.11024e2	5.13542e1	7.40687e1	6.5410852e-2	1.2054612e1	7.3988575e-1	
2021-03-10	8:41:21	4.12445e2	5.13542e1	7.40514e1	6.5575447e-2	1.2070558e1	7.6302347e-1	
2021-03-10	8:41:21	4.11867e2	5.13542e1	7.40517e1	6.5508513e-2	1.2068040e1	7.4264116e-1	
2021-03-10	8:41:22	4.10113e2	5.13542e1	7.40622e1	6.5305128e-2	1.2057130e1	7.3801088e-1	
2021-03-10	8:41:22	4.09517e2	5.13575e1	7.40582e1	6.5235519e-2	1.2073075e1	7.4791088e-1	
2021-03-10	8:41:23	4.10298e2	5.13575e1	7.40557e1	6.5326166e-2	1.2069718e1	7.3834800e-1	
2021-03-10	8:41:23	4.10619e2	5.13542e1	7.40674e1	6.5363879e-2	1.2062165e1	7.4231600e-1	
2021-03-10	8:41:24	4.11023e2	5.13542e1	7.40504e1	6.5410699e-2	1.2075593e1	7.5840668e-1	
2021-03-10	8:41:24	4.10408e2	5.13542e1	7.40565e1	6.5339393e-2	1.2059648e1	7.3815383e-1	
2021-03-10	8:41:25	4.09964e2	5.13542e1	7.40677e1	6.5287857e-2	1.2074754e1	7.4066500e-1	
2021-03-10	8:41:25	4.10385e2	5.13542e1	7.40547e1	6.5336694e-2	1.2059648e1	7.5096840e-1	
2021-03-10	8:41:26	4.10192e2	5.13509e1	7.40575e1	6.5314774e-2	1.2060487e1	7.3196940e-1	
2021-03-10	8:41:26	4.10227e2	5.13509e1	7.40717e1	6.5318908e-2	1.2053773e1	7.3996124e-1	
2021-03-10	8:41:27	4.10804e2	5.13542e1	7.40537e1	6.5385394e-2	1.2063004e1	7.6177601e-1	
2021-03-10	8:41:27	4.10594e2	5.13542e1	7.40540e1	6.5361027e-2	1.2064683e1	7.4124622e-1	
2021-03-10	8:41:28	4.10386e2	5.13542e1	7.40635e1	6.5336890e-2	1.2060487e1	7.3893761e-1	
2021-03-10	8:41:28	4.11280e2	5.13575e1	7.40557e1	6.5440011e-2	1.2070558e1	7.4773545e-1	
2021-03-10	8:41:29	4.10556e2	5.13608e1	7.40569e1	6.5355563e-2	1.2057969e1	7.3364143e-1	
2021-03-10	8:41:29	4.09751e2	5.13608e1	7.40687e1	6.5262203e-2	1.2074754e1	7.4369120e-1	
2021-03-10	8:41:30	4.10767e2	5.13575e1	7.40502e1	6.5380601e-2	1.2068879e1	7.6310367e-1	
2021-03-10	8:41:30	4.11213e2	5.13542e1	7.40510e1	6.5432782e-2	1.2070558e1	7.4160265e-1	
2021-03-10	8:41:31	4.11062e2	5.13476e1	7.40640e1	6.5416264e-2	1.2073075e1	7.3819260e-1	
2021-03-10	8:41:31	4.10711e2	5.13542e1	7.40560e1	6.5374546e-2	1.2060487e1	7.4925603e-1	
2021-03-10	8:41:32	4.10568e2	5.13608e1	7.40560e1	6.5356960e-2	1.2058808e1	7.3800382e-1	
2021-03-10	8:41:32	4.10441e2	5.13608e1	7.40659e1	6.5342311e-2	1.2059648e1	7.4415864e-1	
2021-03-10	8:41:33	4.10604e2	5.13608e1	7.40500e1	6.5361142e-2	1.2066361e1	7.6196146e-1	
2021-03-10	8:41:33	4.10814e2	5.13575e1	7.40534e1	6.5386009e-2	1.2056291e1	7.4077420e-1	
2021-03-10	8:41:34	4.10324e2	5.13542e1	7.40647e1	6.5329647e-2	1.2058808e1	7.4187507e-1	
2021-03-10	8:41:34	4.10174e2	5.13575e1	7.40534e1	6.5311822e-2	1.2064683e1	7.5219101e-1	
2021-03-10	8:41:35	4.09593e2	5.13575e1	7.40554e1	6.5244312e-2	1.2080628e1	7.3334212e-1	
2021-03-10	8:41:35	4.09096e2	5.13575e1	7.40687e1	6.5186557e-2	1.2051255e1	7.4236655e-1	
2021-03-10	8:41:36	4.09858e2	5.13575e1	7.40512e1	6.5275125e-2	1.2065522e1	7.6357755e-1	
2021-03-10	8:41:36	4.10007e2	5.13608e1	7.40510e1	6.5291938e-2	1.2055451e1	7.4228506e-1	
2021-03-10	8:41:37	4.10505e2	5.13575e1	7.40630e1	6.5350208e-2	1.2059648e1	7.3941569e-1	
2021-03-10	8:41:37	4.10573e2	5.13542e1	7.40557e1	6.5358567e-2	1.2055451e1	7.4950122e-1	
2021-03-10	8:41:38	4.10318e2	5.13542e1	7.40547e1	6.5329022e-2	1.2056291e1	7.3650317e-1	
2021-03-10	8:41:38	4.10626e2	5.13575e1	7.40677e1	6.5364179e-2	1.2070558e1	7.4318556e-1	
2021-03-10	8:41:39	4.11051e2	5.13608e1	7.40524e1	6.5412950e-2	1.2063844e1	7.6167163e-1	
2021-03-10	8:41:39	4.11332e2	5.13608e1	7.40524e1	6.5445575e-2	1.2065522e1	7.4000048e-1	
2021-03-10	8:41:40	4.10533e2	5.13608e1	7.40647e1	6.5352921e-2	1.2055451e1	7.4016723e-1	
2021-03-10	8:41:40	4.10296e2	5.13608e1	7.40532e1	6.5325450e-2	1.2087342e1	7.4953265e-1	
2021-03-10	8:41:41	4.10300e2	5.13542e1	7.40577e1	6.5326924e-2	1.2065522e1	7.3246755e-1	
2021-03-10	8:41:41	4.10460e2	5.13575e1	7.40709e1	6.5344915e-2	1.2068879e1	7.4159727e-1	
2021-03-10	8:41:42	4.10941e2	5.13575e1	7.40517e1	6.5400719e-2	1.2070558e1	7.6186013e-1	
2021-03-10	8:41:42	4.10874e2	5.13542e1	7.40534e1	6.5393447e-2	1.2057969e1	7.3961524e-1	
2021-03-10	8:41:43	4.10715e2	5.13575e1	7.40664e1	6.5374493e-2	1.2057969e1	7.3034801e-1	
2021-03-10	8:41:43	4.10327e2	5.13575e1	7.40632e1	6.5329556e-2	1.2057130e1	7.5143074e-1	
2021-03-10	8:41:44	4.10170e2	5.13575e1	7.40502e1	6.5311346e-2	1.2078111e1	7.5041046e-1	
2021-03-10	8:41:44	4.10526e2	5.13608e1	7.40702e1	6.5352129e-2	1.2067201e1	7.2278223e-1	
2021-03-10	8:41:45	4.10598e2	5.13608e1	7.40739e1	6.5360536e-2	1.2053773e1	7.3581542e-1	
2021-03-10	8:41:45	4.10715e2	5.13575e1	7.40560e1	6.5374546e-2	1.2063844e1	7.6235494e-1	
2021-03-10	8:41:46	4.10750e2	5.13608e1	7.40504e1	6.5378069e-2	1.2053773e1	7.4196538e-1	
2021-03-10	8:41:46	4.10172e2	5.13575e1	7.40677e1	6.5311536e-2	1.2063844e1	7.3422045e-1	
2021-03-10	8:41:47	4.10045e2	5.13542e1	7.40590e1	6.5297274e-2	1.2052934e1	7.4285097e-1	
2021-03-10	8:41:47	4.10493e2	5.13542e1	7.40652e1	6.5349292e-2	1.2076432e1	7.3759565e-1	
2021-03-10	8:41:48	4.10687e2	5.13542e1	7.40557e1	6.5371804e-2	1.2064683e1	7.4985761e-1	
2021-03-10	8:41:48	4.10675e2	5.13509e1	7.40565e1	6.5370917e-2	1.2076432e1	7.4246587e-1	
2021-03-10	8:41:49	4.10625e2	5.13509e1	7.40612e1	6.5365085e-2	1.2070558e1	7.3980469e-1	
2021-03-10	8:41:49	4.10660e2	5.13542e1	7.40587e1	6.5368661e-2	1.2060487e1	7.4143114e-1	
2021-03-10	8:41:50	4.11077e2	5.13542e1	7.40599e1	6.5417041e-2	1.2057969e1	7.3239879e-1	
2021-03-10	8:41:50	4.10626e2	5.13509e1	7.40722e1	6.5365133e-2	1.2073075e1	7.3984479e-1	
2021-03-10	8:41:51	4.10986e2	5.13509e1	7.40517e1	6.5406923e-2	1.2078950e1	7.5391798e-1	
2021-03-10	8:41:51	4.11188e2	5.13542e1	7.40597e1	6.5429835e-2	1.2078950e1	7.2918653e-1	
2021-03-10	8:41:52	4.10856e2	5.13575e1	7.40709e1	6.5390892e-2	1.2066361e1	7.3672776e-1	
2021-03-10	8:41:52	4.11101e2	5.13575e1	7.40552e1	6.5419249e-2	1.2066361e1	7.4623184e-1	
2021-03-10	8:41:53	4.11121e2	5.13608e1	7.40635e1	6.5421161e-2	1.2064683e1	7.2143268e-1	
2021-03-10	8:41:53	4.10721e2	5.13608e1	7.40790e1	6.5374798e-2	1.2072236e1	7.3328332e-1	
2021-03-10	8:41:54	4.10749e2	5.13575e1	7.40567e1	6.5378422e-2	1.2073915e1	7.5543923e-1	
2021-03-10	8:41:54	4.10282e2	5.13608e1	7.40577e1	6.5323853e-2	1.2066361e1	7.3269786e-1	
2021-03-10	8:41:55	4.09739e2	5.13608e1	7.40729e1	6.5260820e-2	1.2073915e1	7.2480845e-1	
2021-03-10	8:41:55	4.10592e2	5.13542e1	7.40635e1	6.5360794e-2	1.2067201e1	7.4007849e-1	
2021-03-10	8:41:56	4.10568e2	5.13509e1	7.40625e1	6.5358490e-2	1.2079789e1	7.2911520e-1	
2021-03-10	8:41:56	4.10192e2	5.13509e1	7.40737e1	6.5314888e-2	1.2059648e1	7.2647104e-1	
2021-03-10	8:41:57	4.10451e2	5.13575e1	7.40640e1	6.5343942e-2	1.2063844e1	7.4189777e-1	
2021-03-10	8:41:57	4.11197e2	5.13542e1	7.40612e1	6.5430855e-2	1.2068040e1	7.3532438e-1	
2021-03-10	8:41:58	4.11691e2	5.13542e1	7.40662e1	6.5488185e-2	1.2079789e1	7.2954015e-1	
2021-03-10	8:41:58	4.11522e2	5.13575e1	7.40682e1	6.5468034e-2	1.2057969e1	7.3245401e-1	
2021-03-10	8:41:59	4.11406e2	5.13575e1	7.40630e1	6.5454626e-2	1.2063844e1	7.2951755e-1	
2021-03-10	8:41:59	4.11764e2	5.13542e1	7.40739e1	6.5496563e-2	1.2063004e1	7.2530775e-1	
2021-03-10	8:42:00	4.11378e2	5.13542e1	7.40644e1	6.5451822e-2	1.2057130e1	7.3906583e-1	
2021-03-10	8:42:00	4.11053e2	5.13575e1	7.40627e1	6.5413761e-2	1.2063004e1	7.3455152e-1	
2021-03-10	8:42:01	4.12047e2	5.13542e1	7.40667e1	6.5529356e-2	1.2058808e1	7.2782034e-1	
2021-03-10	8:42:01	4.12644e2	5.13509e1	7.40682e1	6.5598969e-2	1.2057969e1	7.3008899e-1	
2021-03-10	8:42:02	4.12845e2	5.13509e1	7.40632e1	6.5622210e-2	1.2067201e1	7.2770223e-1	
2021-03-10	8:42:02	4.12221e2	5.13509e1	7.40752e1	6.5550031e-2	1.2063004e1	7.2543735e-1	
2021-03-10	8:42:03	4.11403e2	5.13542e1	7.40654e1	6.5454773e-2	1.2095735e1	7.3799467e-1	
2021-03-10	8:42:03	4.11844e2	5.13542e1	7.40622e1	6.5505909e-2	1.2066361e1	7.3277158e-1	
2021-03-10	8:42:04	4.13319e2	5.13509e1	7.40664e1	6.5676994e-2	1.2061326e1	7.2675819e-1	
2021-03-10	8:42:04	4.13542e2	5.13509e1	7.40684e1	6.5702867e-2	1.2060487e1	7.2914352e-1	
2021-03-10	8:42:05	4.12605e2	5.13575e1	7.40667e1	6.5593433e-2	1.2063844e1	7.2607951e-1	
2021-03-10	8:42:05	4.12954e2	5.13608e1	7.40754e1	6.5633430e-2	1.2073915e1	7.2260098e-1	
2021-03-10	8:42:06	4.13602e2	5.13509e1	7.40702e1	6.5709805e-2	1.2092378e1	7.3613967e-1	
2021-03-10	8:42:06	4.13332e2	5.13509e1	7.40632e1	6.5678558e-2	1.2071397e1	7.3234434e-1	
2021-03-10	8:42:07	4.13275e2	5.13608e1	7.40677e1	6.5670499e-2	1.2079789e1	7.2508625e-1	
2021-03-10	8:42:07	4.13077e2	5.13575e1	7.40737e1	6.5648069e-2	1.2063004e1	7.2676134e-1	
2021-03-10	8:42:08	4.12921e2	5.13542e1	7.40687e1	6.5630526e-2	1.2066361e1	7.2591476e-1	
2021-03-10	8:42:08	4.12128e2	5.13542e1	7.40770e1	6.5538735e-2	1.2059648e1	7.2111349e-1	
2021-03-10	8:42:09	4.11719e2	5.13575e1	7.40692e1	6.5490903e-2	1.2088181e1	7.3551411e-1	
2021-03-10	8:42:09	4.11354e2	5.13575e1	7.40662e1	6.5448594e-2	1.2065522e1	7.3432359e-1	
2021-03-10	8:42:10	4.11078e2	5.13575e1	7.40662e1	6.5416622e-2	1.2057130e1	7.2573332e-1	
2021-03-10	8:42:10	4.11398e2	5.13509e1	7.40729e1	6.5454668e-2	1.2061326e1	7.2583580e-1	
2021-03-10	8:42:11	4.11339e2	5.13476e1	7.40677e1	6.5448336e-2	1.2078950e1	7.2746758e-1	
2021-03-10	8:42:11	4.11019e2	5.13542e1	7.40757e1	6.5410251e-2	1.2084825e1	7.2483377e-1	
2021-03-10	8:42:12	4.11761e2	5.13542e1	7.40652e1	6.5496258e-2	1.2073075e1	7.3772912e-1	
2021-03-10	8:42:12	4.11364e2	5.13542e1	7.40642e1	6.5450239e-2	1.2068040e1	7.3251218e-1	
2021-03-10	8:42:13	4.11606e2	5.13575e1	7.40677e1	6.5477776e-2	1.2064683e1	7.2535772e-1	
2021-03-10	8:42:13	4.11574e2	5.13542e1	7.40697e1	6.5474567e-2	1.2061326e1	7.2979269e-1	
2021-03-10	8:42:14	4.10411e2	5.13542e1	7.40652e1	6.5339779e-2	1.2059648e1	7.2778902e-1	
2021-03-10	8:42:14	4.10525e2	5.13575e1	7.40737e1	6.5352506e-2	1.2057130e1	7.2243442e-1	
2021-03-10	8:42:15	4.11385e2	5.13575e1	7.40674e1	6.5452156e-2	1.2059648e1	7.4269475e-1	
2021-03-10	8:42:15	4.11721e2	5.13608e1	7.40567e1	6.5490694e-2	1.2068040e1	7.4238882e-1	
2021-03-10	8:42:16	4.11572e2	5.13575e1	7.40632e1	6.5473861e-2	1.2063844e1	7.3119139e-1	
2021-03-10	8:42:16	4.11276e2	5.13509e1	7.40680e1	6.5440521e-2	1.2069718e1	7.3316516e-1	
2021-03-10	8:42:17	4.10899e2	5.13542e1	7.40582e1	6.5396318e-2	1.2068040e1	7.3252863e-1	
2021-03-10	8:42:17	4.10965e2	5.13542e1	7.40735e1	6.5403962e-2	1.2060487e1	7.2470903e-1	
2021-03-10	8:42:18	4.10748e2	5.13608e1	7.40664e1	6.5377860e-2	1.2078111e1	7.3987350e-1	
2021-03-10	8:42:18	4.11166e2	5.13575e1	7.40592e1	6.5426855e-2	1.2073915e1	7.4006175e-1	
2021-03-10	8:42:19	4.10969e2	5.13509e1	7.40657e1	6.5404987e-2	1.2059648e1	7.2778658e-1	
2021-03-10	8:42:19	4.10507e2	5.13542e1	7.40732e1	6.5350904e-2	1.2055451e1	7.2643480e-1	
2021-03-10	8:42:20	4.10596e2	5.13575e1	7.40640e1	6.5360779e-2	1.2068879e1	7.2818145e-1	
2021-03-10	8:42:20	4.10170e2	5.13542e1	7.40759e1	6.5311784e-2	1.2076432e1	7.2582111e-1	
2021-03-10	8:42:21	4.10614e2	5.13542e1	7.40662e1	6.5363283e-2	1.2073075e1	7.3869557e-1	
2021-03-10	8:42:21	4.10609e2	5.13542e1	7.40612e1	6.5362763e-2	1.2072236e1	7.3252701e-1	
2021-03-10	8:42:22	4.10385e2	5.13542e1	7.40680e1	6.5336751e-2	1.2068040e1	7.2684760e-1	
2021-03-10	8:42:22	4.10751e2	5.13575e1	7.40692e1	6.5378661e-2	1.2077271e1	7.3012261e-1	
2021-03-10	8:42:23	4.11141e2	5.13542e1	7.40677e1	6.5424432e-2	1.2062165e1	7.2667465e-1	
2021-03-10	8:42:23	4.10801e2	5.13509e1	7.40764e1	6.5385446e-2	1.2073075e1	7.2253775e-1	
2021-03-10	8:42:24	4.10635e2	5.13542e1	7.40677e1	6.5365743e-2	1.2082307e1	7.3710641e-1	
2021-03-10	8:42:24	4.11664e2	5.13575e1	7.40622e1	6.5484495e-2	1.2065522e1	7.3522377e-1	
2021-03-10	8:42:25	4.11751e2	5.13575e1	7.40667e1	6.5494661e-2	1.2070558e1	7.2516875e-1	
2021-03-10	8:42:25	4.11720e2	5.13542e1	7.40715e1	6.5491542e-2	1.2062165e1	7.2442774e-1	
2021-03-10	8:42:26	4.10929e2	5.13542e1	7.40692e1	6.5399837e-2	1.2063844e1	7.2453584e-1	
2021-03-10	8:42:26	4.10394e2	5.13542e1	7.40767e1	6.5337824e-2	1.2074754e1	7.2346992e-1	
2021-03-10	8:42:27	4.11619e2	5.13575e1	7.40677e1	6.5479278e-2	1.2075593e1	7.3630485e-1	
2021-03-10	8:42:27	4.12121e2	5.13575e1	7.40625e1	6.5537443e-2	1.2064683e1	7.3077192e-1	
2021-03-10	8:42:28	4.11847e2	5.13608e1	7.40680e1	6.5505290e-2	1.2059648e1	7.2510442e-1	
2021-03-10	8:42:28	4.10777e2	5.13575e1	7.40715e1	6.5381741e-2	1.2081468e1	7.2799015e-1	
2021-03-10	8:42:29	4.11241e2	5.13509e1	7.40687e1	6.5436496e-2	1.2061326e1	7.2477107e-1	
2021-03-10	8:42:29	4.09902e2	5.13509e1	7.40794e1	6.5281219e-2	1.2060487e1	7.2047715e-1	
2021-03-10	8:42:30	4.09507e2	5.13542e1	7.40695e1	6.5234842e-2	1.2091538e1	7.3465209e-1	
2021-03-10	8:42:30	4.12182e2	5.13542e1	7.40644e1	6.5545029e-2	1.2063004e1	7.3331670e-1	
2021-03-10	8:42:31	4.13109e2	5.13542e1	7.40680e1	6.5652236e-2	1.2078111e1	7.2366809e-1	
2021-03-10	8:42:31	4.11596e2	5.13542e1	7.40749e1	6.5477180e-2	1.2064683e1	7.2262291e-1	
2021-03-10	8:42:32	4.11042e2	5.13509e1	7.40709e1	6.5413470e-2	1.2082307e1	7.2270078e-1	
2021-03-10	8:42:32	4.11157e2	5.13509e1	7.40772e1	6.5426702e-2	1.2084825e1	7.2167749e-1	
2021-03-10	8:42:33	4.10044e2	5.13542e1	7.40677e1	6.5297136e-2	1.2065522e1	7.3410553e-1	
2021-03-10	8:42:33	4.10399e2	5.13575e1	7.40664e1	6.5337934e-2	1.2072236e1	7.2787952e-1	
2021-03-10	8:42:34	4.11203e2	5.13575e1	7.40697e1	6.5431156e-2	1.2051255e1	7.2161655e-1	
2021-03-10	8:42:34	4.10226e2	5.13542e1	7.40745e1	6.5318298e-2	1.2083146e1	7.2359752e-1	
2021-03-10	8:42:35	4.10789e2	5.13575e1	7.40702e1	6.5383071e-2	1.2066361e1	7.2250986e-1	
2021-03-10	8:42:35	4.11850e2	5.13575e1	7.40790e1	6.5506067e-2	1.2064683e1	7.1772308e-1	
2021-03-10	8:42:36	4.11128e2	5.13575e1	7.40722e1	6.5422415e-2	1.2076432e1	7.3147382e-1	
2021-03-10	8:42:36	4.11081e2	5.13575e1	7.40640e1	6.5416908e-2	1.2088181e1	7.3209095e-1	
2021-03-10	8:42:37	4.11024e2	5.13542e1	7.40687e1	6.5410852e-2	1.2085664e1	7.2204999e-1	
2021-03-10	8:42:37	4.10960e2	5.13542e1	7.40749e1	6.5403470e-2	1.2064683e1	7.1656618e-1	
2021-03-10	8:42:38	4.11494e2	5.13542e1	7.40752e1	6.5465297e-2	1.2064683e1	7.1393103e-1	
2021-03-10	8:42:38	4.11647e2	5.13575e1	7.40784e1	6.5482592e-2	1.2063844e1	7.2882423e-1	
2021-03-10	8:42:39	4.11170e2	5.13509e1	7.40614e1	6.5428204e-2	1.2072236e1	7.3862404e-1	
2021-03-10	8:42:39	4.10466e2	5.13509e1	7.40689e1	6.5346665e-2	1.2080628e1	7.1857423e-1	
2021-03-10	8:42:40	4.10592e2	5.13509e1	7.40787e1	6.5361261e-2	1.2064683e1	7.2022719e-1	
2021-03-10	8:42:40	4.11206e2	5.13542e1	7.40719e1	6.5431923e-2	1.2063844e1	7.3419933e-1	
2021-03-10	8:42:41	4.11523e2	5.13575e1	7.40622e1	6.5468168e-2	1.2068040e1	7.3701944e-1	
2021-03-10	8:42:41	4.12318e2	5.13608e1	7.40749e1	6.5559759e-2	1.2062165e1	7.1727218e-1	
2021-03-10	8:42:42	4.12233e2	5.13641e1	7.40799e1	6.5549464e-2	1.2067201e1	7.2723345e-1	
2021-03-10	8:42:42	4.11864e2	5.13608e1	7.40619e1	6.5507168e-2	1.2070558e1	7.4186987e-1	
2021-03-10	8:42:43	4.12614e2	5.13542e1	7.40637e1	6.5595006e-2	1.2059648e1	7.2454328e-1	
2021-03-10	8:42:43	4.11530e2	5.13575e1	7.40747e1	6.5469031e-2	1.2060487e1	7.2003183e-1	
2021-03-10	8:42:44	4.11392e2	5.13608e1	7.40705e1	6.5452489e-2	1.2080628e1	7.2137904e-1	
2021-03-10	8:42:44	4.15349e2	5.13575e1	7.40762e1	6.5910530e-2	1.2056291e1	7.3049235e-1	
2021-03-10	8:42:45	4.18494e2	5.13542e1	7.40602e1	6.6273145e-2	1.2070558e1	7.4208712e-1	
2021-03-10	8:42:45	4.18463e2	5.13509e1	7.40667e1	6.6270122e-2	1.2076432e1	7.2897853e-1	
2021-03-10	8:42:46	4.16323e2	5.13575e1	7.40725e1	6.6022782e-2	1.2054612e1	7.2543139e-1	
2021-03-10	8:42:46	4.14719e2	5.13575e1	7.40637e1	6.5837769e-2	1.2059648e1	7.3538846e-1	
2021-03-10	8:42:47	4.14005e2	5.13608e1	7.40640e1	6.5754861e-2	1.2073075e1	7.2850966e-1	
2021-03-10	8:42:47	4.13963e2	5.13608e1	7.40754e1	6.5750055e-2	1.2053773e1	7.2096481e-1	
2021-03-10	8:42:48	4.14687e2	5.13542e1	7.40695e1	6.5834579e-2	1.2067201e1	7.3690700e-1	
2021-03-10	8:42:48	4.12589e2	5.13542e1	7.40595e1	6.5592174e-2	1.2065522e1	7.3823409e-1	
2021-03-10	8:42:49	4.10720e2	5.13575e1	7.40664e1	6.5375142e-2	1.2067201e1	7.2507305e-1	
2021-03-10	8:42:49	4.11033e2	5.13608e1	7.40725e1	6.5410881e-2	1.2077271e1	7.2084288e-1	
2021-03-10	8:42:50	4.12248e2	5.13608e1	7.40689e1	6.5551652e-2	1.2062165e1	7.1945424e-1	
2021-03-10	8:42:50	4.12623e2	5.13575e1	7.40782e1	6.5595569e-2	1.2057130e1	7.3184771e-1	
2021-03-10	8:42:51	4.11211e2	5.13542e1	7.40602e1	6.5432543e-2	1.2073915e1	7.4191656e-1	
2021-03-10	8:42:51	4.10391e2	5.13509e1	7.40664e1	6.5337872e-2	1.2070558e1	7.2143754e-1	
2021-03-10	8:42:52	4.11251e2	5.13542e1	7.40742e1	6.5437150e-2	1.2083146e1	7.1786360e-1	
2021-03-10	8:42:52	4.11944e2	5.13542e1	7.40742e1	6.5517416e-2	1.2058808e1	7.2786073e-1	
2021-03-10	8:42:53	4.11939e2	5.13542e1	7.40644e1	6.5516815e-2	1.2086503e1	7.2918248e-1	
2021-03-10	8:42:53	4.11569e2	5.13575e1	7.40775e1	6.5473484e-2	1.2072236e1	7.1821985e-1	
2021-03-10	8:42:54	4.12072e2	5.13575e1	7.40759e1	6.5531787e-2	1.2071397e1	7.2812252e-1	
2021-03-10	8:42:54	4.12249e2	5.13575e1	7.40617e1	6.5552244e-2	1.2069718e1	7.4289393e-1	
2021-03-10	8:42:55	4.10825e2	5.13542e1	7.40622e1	6.5387725e-2	1.2065522e1	7.2679843e-1	
2021-03-10	8:42:55	4.10230e2	5.13509e1	7.40737e1	6.5319242e-2	1.2062165e1	7.2013430e-1	
2021-03-10	8:42:56	4.10457e2	5.13575e1	7.40695e1	6.5344643e-2	1.2059648e1	7.2498078e-1	
2021-03-10	8:42:56	4.10347e2	5.13608e1	7.40717e1	6.5331373e-2	1.2058808e1	7.2762184e-1	
2021-03-10	8:42:57	4.11738e2	5.13542e1	7.40627e1	6.5493574e-2	1.2068879e1	7.3854165e-1	
2021-03-10	8:42:57	4.12183e2	5.13542e1	7.40657e1	6.5545105e-2	1.2073915e1	7.2778658e-1	
2021-03-10	8:42:58	4.11242e2	5.13575e1	7.40702e1	6.5435595e-2	1.2069718e1	7.2377371e-1	
2021-03-10	8:42:58	4.10598e2	5.13542e1	7.40692e1	6.5361471e-2	1.2063004e1	7.3098869e-1	
2021-03-10	8:42:59	4.10645e2	5.13575e1	7.40650e1	6.5366458e-2	1.2067201e1	7.2639789e-1	
2021-03-10	8:42:59	4.11054e2	5.13542e1	7.40754e1	6.5414361e-2	1.2071397e1	7.2487382e-1	
2021-03-10	8:43:00	4.10643e2	5.13542e1	7.40642e1	6.5366706e-2	1.2061326e1	7.3982772e-1	
2021-03-10	8:43:00	4.10205e2	5.13542e1	7.40597e1	6.5315890e-2	1.2094056e1	7.3381948e-1	
2021-03-10	8:43:01	4.10308e2	5.13575e1	7.40662e1	6.5327348e-2	1.2057969e1	7.2998332e-1	
2021-03-10	8:43:01	4.09547e2	5.13608e1	7.40680e1	6.5238475e-2	1.2071397e1	7.3155241e-1	
2021-03-10	8:43:02	4.09404e2	5.13575e1	7.40640e1	6.5222387e-2	1.2063844e1	7.2818145e-1	
2021-03-10	8:43:02	4.09961e2	5.13575e1	7.40742e1	6.5287065e-2	1.2061326e1	7.2359871e-1	
2021-03-10	8:43:03	4.09878e2	5.13575e1	7.40670e1	6.5277361e-2	1.2100770e1	7.3804430e-1	
2021-03-10	8:43:03	4.10673e2	5.13608e1	7.40622e1	6.5369215e-2	1.2062165e1	7.3566350e-1	
2021-03-10	8:43:04	4.10544e2	5.13575e1	7.40664e1	6.5354757e-2	1.2076432e1	7.2431635e-1	
2021-03-10	8:43:04	4.09881e2	5.13542e1	7.40749e1	6.5278234e-2	1.2066361e1	7.2911148e-1	
2021-03-10	8:43:05	4.10226e2	5.13542e1	7.40637e1	6.5318322e-2	1.2078111e1	7.3619108e-1	
2021-03-10	8:43:05	4.10413e2	5.13542e1	7.40754e1	6.5339956e-2	1.2064683e1	7.1822953e-1	
2021-03-10	8:43:06	4.10829e2	5.13575e1	7.40775e1	6.5387773e-2	1.2062165e1	7.2826957e-1	
2021-03-10	8:43:06	4.10715e2	5.13575e1	7.40614e1	6.5374507e-2	1.2078111e1	7.4433236e-1	
2021-03-10	8:43:07	4.11076e2	5.13575e1	7.40605e1	6.5416345e-2	1.2071397e1	7.2734851e-1	
2021-03-10	8:43:07	4.10743e2	5.13575e1	7.40770e1	6.5377807e-2	1.2067201e1	7.2052841e-1	
2021-03-10	8:43:08	4.10586e2	5.13575e1	7.40684e1	6.5359525e-2	1.2071397e1	7.2910494e-1	
2021-03-10	8:43:08	4.11280e2	5.13608e1	7.40725e1	6.5439553e-2	1.2056291e1	7.2599320e-1	
2021-03-10	8:43:09	4.10817e2	5.13575e1	7.40652e1	6.5386385e-2	1.2066361e1	7.3871955e-1	
2021-03-10	8:43:09	4.10753e2	5.13509e1	7.40622e1	6.5379896e-2	1.2081468e1	7.3518552e-1	
2021-03-10	8:43:10	4.11314e2	5.13542e1	7.40664e1	6.5444498e-2	1.2065522e1	7.2660341e-1	
2021-03-10	8:43:10	4.10422e2	5.13509e1	7.40717e1	6.5341544e-2	1.2067201e1	7.2910823e-1	
2021-03-10	8:43:11	4.10462e2	5.13509e1	7.40659e1	6.5346136e-2	1.2073075e1	7.2844195e-1	
2021-03-10	8:43:11	4.11131e2	5.13542e1	7.40752e1	6.5423274e-2	1.2068040e1	7.2801036e-1	
2021-03-10	8:43:12	4.10968e2	5.13542e1	7.40640e1	6.5404310e-2	1.2069718e1	7.4009504e-1	
2021-03-10	8:43:12	4.10422e2	5.13542e1	7.40650e1	6.5341033e-2	1.2086503e1	7.3104810e-1	
2021-03-10	8:43:13	4.09880e2	5.13542e1	7.40684e1	6.5278091e-2	1.2074754e1	7.2821731e-1	
2021-03-10	8:43:13	4.09831e2	5.13542e1	7.40670e1	6.5272421e-2	1.2086503e1	7.3163423e-1	
2021-03-10	8:43:14	4.09677e2	5.13542e1	7.40670e1	6.5254602e-2	1.2068040e1	7.2683310e-1	
2021-03-10	8:43:14	4.09352e2	5.13542e1	7.40787e1	6.5216865e-2	1.2053773e1	7.2336297e-1	
2021-03-10	8:43:15	4.09946e2	5.13575e1	7.40682e1	6.5285263e-2	1.2068040e1	7.3754262e-1	
2021-03-10	8:43:15	4.11274e2	5.13575e1	7.40635e1	6.5439338e-2	1.2066361e1	7.3416490e-1	
2021-03-10	8:43:16	4.11210e2	5.13542e1	7.40677e1	6.5432381e-2	1.2070558e1	7.2858772e-1	
2021-03-10	8:43:16	4.10461e2	5.13608e1	7.40662e1	6.5344643e-2	1.2064683e1	7.3196463e-1	
2021-03-10	8:43:17	4.10546e2	5.13575e1	7.40692e1	6.5354914e-2	1.2078111e1	7.2852249e-1	
2021-03-10	8:43:17	4.10150e2	5.13542e1	7.40759e1	6.5309457e-2	1.2058808e1	7.2395925e-1	
2021-03-10	8:43:18	4.09712e2	5.13575e1	7.40682e1	6.5258159e-2	1.2089860e1	7.3683691e-1	
2021-03-10	8:43:18	4.09254e2	5.13542e1	7.40654e1	6.5205421e-2	1.2068879e1	7.3451881e-1	
2021-03-10	8:43:19	4.09565e2	5.13542e1	7.40670e1	6.5241603e-2	1.2071397e1	7.2534198e-1	
2021-03-10	8:43:19	4.11089e2	5.13542e1	7.40732e1	6.5418338e-2	1.2067201e1	7.3340759e-1	
2021-03-10	8:43:20	4.10954e2	5.13542e1	7.40612e1	6.5402698e-2	1.2071397e1	7.3753933e-1	
2021-03-10	8:43:20	4.09974e2	5.13608e1	7.40772e1	6.5288057e-2	1.2067201e1	7.1733970e-1	
2021-03-10	8:43:21	4.10369e2	5.13641e1	7.40799e1	6.5333480e-2	1.2062165e1	7.2537527e-1	
2021-03-10	8:43:21	4.11162e2	5.13608e1	7.40650e1	6.5425901e-2	1.2078950e1	7.4124808e-1	
2021-03-10	8:43:22	4.10478e2	5.13542e1	7.40659e1	6.5347585e-2	1.2069718e1	7.2507548e-1	
2021-03-10	8:43:22	4.10137e2	5.13509e1	7.40814e1	6.5308499e-2	1.2073915e1	7.1677017e-1	
2021-03-10	8:43:23	4.09444e2	5.13509e1	7.40725e1	6.5227990e-2	1.2063004e1	7.2242107e-1	
2021-03-10	8:43:23	4.09044e2	5.13542e1	7.40764e1	6.5181102e-2	1.2070558e1	7.2659306e-1	
2021-03-10	8:43:24	4.10044e2	5.13509e1	7.40657e1	6.5297608e-2	1.2072236e1	7.3738346e-1	
2021-03-10	8:43:24	4.09826e2	5.13575e1	7.40674e1	6.5271406e-2	1.2073075e1	7.2686934e-1	
2021-03-10	8:43:25	4.09630e2	5.13575e1	7.40727e1	6.5248560e-2	1.2064683e1	7.2181625e-1	
2021-03-10	8:43:25	4.09314e2	5.13608e1	7.40727e1	6.5211467e-2	1.2072236e1	7.2724967e-1	
2021-03-10	8:43:26	4.09739e2	5.13575e1	7.40680e1	6.5261340e-2	1.2064683e1	7.2605400e-1	
2021-03-10	8:43:26	4.10088e2	5.13575e1	7.40767e1	6.5301837e-2	1.2062165e1	7.1830177e-1	
2021-03-10	8:43:27	4.10619e2	5.13608e1	7.40702e1	6.5362930e-2	1.2073915e1	7.3332662e-1	
2021-03-10	8:43:27	4.10393e2	5.13575e1	7.40637e1	6.5337190e-2	1.2085664e1	7.3469972e-1	
2021-03-10	8:43:28	4.09198e2	5.13542e1	7.40672e1	6.5198893e-2	1.2071397e1	7.2086849e-1	
2021-03-10	8:43:28	4.09105e2	5.13542e1	7.40752e1	6.5188164e-2	1.2068040e1	7.2182359e-1	
2021-03-10	8:43:29	4.10168e2	5.13575e1	7.40677e1	6.5311136e-2	1.2063844e1	7.2837543e-1	
2021-03-10	8:43:29	4.10351e2	5.13575e1	7.40742e1	6.5332326e-2	1.2059648e1	7.3071389e-1	
2021-03-10	8:43:30	4.10102e2	5.13542e1	7.40597e1	6.5303936e-2	1.2065522e1	7.4458670e-1	
2021-03-10	8:43:30	4.10262e2	5.13575e1	7.40619e1	6.5321950e-2	1.2073915e1	7.3040866e-1	
2021-03-10	8:43:31	4.10335e2	5.13608e1	7.40677e1	6.5329999e-2	1.2083146e1	7.2330002e-1	
2021-03-10	8:43:31	4.10438e2	5.13641e1	7.40692e1	6.5341386e-2	1.2066361e1	7.3690824e-1	
2021-03-10	8:43:32	4.10666e2	5.13608e1	7.40572e1	6.5368342e-2	1.2075593e1	7.3950147e-1	
2021-03-10	8:43:32	4.09621e2	5.13542e1	7.40752e1	6.5248060e-2	1.2066361e1	7.1591720e-1	
2021-03-10	8:43:33	4.09064e2	5.13575e1	7.40802e1	6.5182933e-2	1.2075593e1	7.2624564e-1	
2021-03-10	8:43:33	4.10239e2	5.13608e1	7.40632e1	6.5318880e-2	1.2083146e1	7.4356756e-1	
2021-03-10	8:43:34	4.10268e2	5.13575e1	7.40617e1	6.5322732e-2	1.2068879e1	7.2552280e-1	
2021-03-10	8:43:34	4.10188e2	5.13542e1	7.40759e1	6.5313930e-2	1.2068040e1	7.1940069e-1	
2021-03-10	8:43:35	4.09899e2	5.13542e1	7.40707e1	6.5280370e-2	1.2062165e1	7.2758812e-1	
2021-03-10	8:43:35	4.10157e2	5.13542e1	7.40754e1	6.5310297e-2	1.2081468e1	7.2903194e-1	
2021-03-10	8:43:36	4.10884e2	5.13575e1	7.40619e1	6.5394105e-2	1.2078111e1	7.4086456e-1	
2021-03-10	8:43:36	4.09957e2	5.13575e1	7.40644e1	6.5286626e-2	1.2073075e1	7.3083896e-1	
2021-03-10	8:43:37	4.09513e2	5.13575e1	7.40715e1	6.5235018e-2	1.2065522e1	7.2630791e-1	
2021-03-10	8:43:37	4.09278e2	5.13542e1	7.40689e1	6.5208172e-2	1.2068040e1	7.3052811e-1	
2021-03-10	8:43:38	4.10197e2	5.13542e1	7.40680e1	6.5314917e-2	1.2063844e1	7.2651863e-1	
2021-03-10	8:43:38	4.10684e2	5.13542e1	7.40752e1	6.5371398e-2	1.2071397e1	7.2559232e-1	
2021-03-10	8:43:39	4.10329e2	5.13575e1	7.40654e1	6.5329813e-2	1.2068879e1	7.3820419e-1	
2021-03-10	8:43:39	4.10745e2	5.13542e1	7.40654e1	6.5378513e-2	1.2067201e1	7.3062233e-1	
2021-03-10	8:43:40	4.10405e2	5.13542e1	7.40692e1	6.5339078e-2	1.2074754e1	7.2463278e-1	
2021-03-10	8:43:40	4.10336e2	5.13542e1	7.40700e1	6.5331101e-2	1.2079789e1	7.3006110e-1	
2021-03-10	8:43:41	4.10845e2	5.13608e1	7.40652e1	6.5389118e-2	1.2078111e1	7.2684173e-1	
2021-03-10	8:43:41	4.10667e2	5.13608e1	7.40767e1	6.5368509e-2	1.2065522e1	7.2597241e-1	
2021-03-10	8:43:42	4.10800e2	5.13608e1	7.40647e1	6.5383863e-2	1.2067201e1	7.3832221e-1	
2021-03-10	8:43:42	4.11124e2	5.13608e1	7.40677e1	6.5421466e-2	1.2078111e1	7.3007221e-1	
2021-03-10	8:43:43	4.10725e2	5.13542e1	7.40667e1	6.5376191e-2	1.2062165e1	7.2596330e-1	
2021-03-10	8:43:43	4.10076e2	5.13542e1	7.40689e1	6.5300931e-2	1.2063844e1	7.2900600e-1	
2021-03-10	8:43:44	4.10735e2	5.13509e1	7.40667e1	6.5377883e-2	1.2071397e1	7.2530450e-1	
2021-03-10	8:43:44	4.09897e2	5.13509e1	7.40770e1	6.5280609e-2	1.2055451e1	7.2228236e-1	
2021-03-10	8:43:45	4.09911e2	5.13509e1	7.40672e1	6.5282239e-2	1.2082307e1	7.3617367e-1	
2021-03-10	8:43:45	4.10397e2	5.13542e1	7.40644e1	6.5338110e-2	1.2078111e1	7.3256850e-1	
2021-03-10	8:43:46	4.09343e2	5.13509e1	7.40662e1	6.5216298e-2	1.2066361e1	7.2445344e-1	
2021-03-10	8:43:46	4.09563e2	5.13575e1	7.40712e1	6.5240859e-2	1.2063844e1	7.2632846e-1	
2021-03-10	8:43:47	4.10174e2	5.13608e1	7.40692e1	6.5311326e-2	1.2072236e1	7.2658991e-1	
2021-03-10	8:43:47	4.09945e2	5.13608e1	7.40754e1	6.5284700e-2	1.2063844e1	7.2506771e-1	
2021-03-10	8:43:48	4.10088e2	5.13575e1	7.40662e1	6.5301752e-2	1.2059648e1	7.4273891e-1	
2021-03-10	8:43:48	4.10624e2	5.13542e1	7.40577e1	6.5364427e-2	1.2068879e1	7.4137921e-1	
2021-03-10	8:43:49	4.10550e2	5.13542e1	7.40625e1	6.5355868e-2	1.2078950e1	7.2871007e-1	
2021-03-10	8:43:49	4.09981e2	5.13575e1	7.40709e1	6.5289378e-2	1.2073915e1	7.2953600e-1	
2021-03-10	8:43:50	4.09481e2	5.13608e1	7.40652e1	6.5230822e-2	1.2056291e1	7.3116230e-1	
2021-03-10	8:43:50	4.09643e2	5.13608e1	7.40729e1	6.5249614e-2	1.2081468e1	7.2888989e-1	
2021-03-10	8:43:51	4.09755e2	5.13575e1	7.40630e1	6.5263185e-2	1.2073915e1	7.4125809e-1	
2021-03-10	8:43:51	4.09748e2	5.13575e1	7.40630e1	6.5262322e-2	1.2067201e1	7.3340086e-1	
2021-03-10	8:43:52	4.10198e2	5.13575e1	7.40670e1	6.5314569e-2	1.2080628e1	7.2772245e-1	
2021-03-10	8:43:52	4.10247e2	5.13575e1	7.40684e1	6.5320229e-2	1.2073915e1	7.3744606e-1	
2021-03-10	8:43:53	4.09482e2	5.13542e1	7.40585e1	6.5231943e-2	1.2067201e1	7.3869609e-1	
2021-03-10	8:43:53	4.08866e2	5.13542e1	7.40752e1	6.5160417e-2	1.2058808e1	7.1858305e-1	
2021-03-10	8:43:54	4.09426e2	5.13542e1	7.40764e1	6.5225386e-2	1.2068879e1	7.2975945e-1	
2021-03-10	8:43:54	4.10689e2	5.13542e1	7.40592e1	6.5371942e-2	1.2087342e1	7.4600434e-1	
2021-03-10	8:43:55	4.10680e2	5.13608e1	7.40622e1	6.5370030e-2	1.2064683e1	7.2670168e-1	
2021-03-10	8:43:55	4.09121e2	5.13608e1	7.40745e1	6.5188999e-2	1.2060487e1	7.2322821e-1	
2021-03-10	8:43:56	4.08896e2	5.13575e1	7.40680e1	6.5163412e-2	1.2061326e1	7.2785282e-1	
2021-03-10	8:43:56	4.09521e2	5.13575e1	7.40757e1	6.5235967e-2	1.2072236e1	7.2427110e-1	
2021-03-10	8:43:57	4.11077e2	5.13542e1	7.40674e1	6.5417046e-2	1.2102448e1	7.3684062e-1	
2021-03-10	8:43:57	4.10850e2	5.13542e1	7.40642e1	6.5390634e-2	1.2075593e1	7.3153257e-1	
2021-03-10	8:43:58	4.09458e2	5.13542e1	7.40682e1	6.5229139e-2	1.2070558e1	7.2568473e-1	
2021-03-10	8:43:58	4.10030e2	5.13542e1	7.40702e1	6.5295605e-2	1.2067201e1	7.2724266e-1	
2021-03-10	8:43:59	4.09889e2	5.13542e1	7.40674e1	6.5279192e-2	1.2059648e1	7.2549467e-1	
2021-03-10	8:43:59	4.09271e2	5.13542e1	7.40754e1	6.5207386e-2	1.2060487e1	7.2228960e-1	
2021-03-10	8:44:00	4.09597e2	5.13542e1	7.40667e1	6.5245304e-2	1.2074754e1	7.3714962e-1	
2021-03-10	8:44:00	4.09634e2	5.13542e1	7.40654e1	6.5249590e-2	1.2068040e1	7.3294734e-1	
2021-03-10	8:44:01	4.09619e2	5.13542e1	7.40670e1	6.5247812e-2	1.2065522e1	7.2353696e-1	
2021-03-10	8:44:01	4.10034e2	5.13542e1	7.40739e1	6.5296053e-2	1.2061326e1	7.2955985e-1	
2021-03-10	8:44:02	4.09856e2	5.13575e1	7.40625e1	6.5274834e-2	1.2073915e1	7.3587250e-1	
2021-03-10	8:44:02	4.10333e2	5.13575e1	7.40745e1	6.5330262e-2	1.2062165e1	7.1668629e-1	
2021-03-10	8:44:03	4.09954e2	5.13542e1	7.40794e1	6.5286731e-2	1.2057130e1	7.2434978e-1	
2021-03-10	8:44:03	4.09383e2	5.13575e1	7.40630e1	6.5219945e-2	1.2076432e1	7.4061279e-1	
2021-03-10	8:44:04	4.10658e2	5.13575e1	7.40640e1	6.5367965e-2	1.2067201e1	7.2535667e-1	
2021-03-10	8:44:04	4.10044e2	5.13575e1	7.40777e1	6.5296721e-2	1.2059648e1	7.1937265e-1	
2021-03-10	8:44:05	4.09670e2	5.13575e1	7.40697e1	6.5253257e-2	1.2065522e1	7.2327084e-1	
2021-03-10	8:44:05	4.10043e2	5.13575e1	7.40759e1	6.5296525e-2	1.2066361e1	7.3049359e-1	
2021-03-10	8:44:06	4.10638e2	5.13542e1	7.40614e1	6.5366034e-2	1.2087342e1	7.4249763e-1	
2021-03-10	8:44:06	4.10286e2	5.13575e1	7.40637e1	6.5324773e-2	1.2063844e1	7.2673296e-1	
2021-03-10	8:44:07	4.09238e2	5.13608e1	7.40742e1	6.5202674e-2	1.2082307e1	7.1946783e-1	
2021-03-10	8:44:07	4.10149e2	5.13575e1	7.40715e1	6.5308847e-2	1.2072236e1	7.3180418e-1	
2021-03-10	8:44:08	4.10587e2	5.13542e1	7.40627e1	6.5360188e-2	1.2068040e1	7.3240442e-1	
2021-03-10	8:44:08	4.10301e2	5.13509e1	7.40747e1	6.5327491e-2	1.2063004e1	7.1840934e-1	
2021-03-10	8:44:09	4.10182e2	5.13509e1	7.40792e1	6.5313701e-2	1.2063004e1	7.2376852e-1	
2021-03-10	8:44:09	4.10364e2	5.13575e1	7.40657e1	6.5333833e-2	1.2075593e1	7.3723087e-1	
2021-03-10	8:44:10	4.10211e2	5.13575e1	7.40654e1	6.5316052e-2	1.2087342e1	7.2463178e-1	
2021-03-10	8:44:10	4.09881e2	5.13575e1	7.40770e1	6.5277757e-2	1.2081468e1	7.1736049e-1	
2021-03-10	8:44:11	4.10050e2	5.13575e1	7.40749e1	6.5297389e-2	1.2069718e1	7.2085022e-1	
2021-03-10	8:44:11	4.09804e2	5.13575e1	7.40745e1	6.5268850e-2	1.2056291e1	7.3132810e-1	
2021-03-10	8:44:12	4.10290e2	5.13509e1	7.40592e1	6.5326147e-2	1.2071397e1	7.4165620e-1	
2021-03-10	8:44:12	4.10011e2	5.13542e1	7.40670e1	6.5293378e-2	1.2089860e1	7.2345924e-1	
2021-03-10	8:44:13	4.09037e2	5.13542e1	7.40772e1	6.5180273e-2	1.2068879e1	7.1804485e-1	
2021-03-10	8:44:13	4.09296e2	5.13509e1	7.40725e1	6.5210866e-2	1.2062165e1	7.2841000e-1	
2021-03-10	8:44:14	4.10237e2	5.13575e1	7.40662e1	6.5319108e-2	1.2078111e1	7.3075337e-1	
2021-03-10	8:44:14	4.09637e2	5.13575e1	7.40775e1	6.5249466e-2	1.2060487e1	7.1708364e-1	
2021-03-10	8:44:15	4.09219e2	5.13542e1	7.40799e1	6.5201377e-2	1.2060487e1	7.2183938e-1	
2021-03-10	8:44:15	4.10216e2	5.13542e1	7.40664e1	6.5317101e-2	1.2075593e1	7.3621559e-1	
2021-03-10	8:44:16	4.10471e2	5.13575e1	7.40652e1	6.5346217e-2	1.2071397e1	7.2573823e-1	
2021-03-10	8:44:16	4.08483e2	5.13542e1	7.40764e1	6.5115795e-2	1.2064683e1	7.1663737e-1	
2021-03-10	8:44:17	4.08676e2	5.13608e1	7.40749e1	6.5137300e-2	1.2064683e1	7.1793832e-1	
2021-03-10	8:44:17	4.10598e2	5.13608e1	7.40764e1	6.5360493e-2	1.2070558e1	7.3417706e-1	
2021-03-10	8:44:18	4.10533e2	5.13542e1	7.40587e1	6.5353922e-2	1.2071397e1	7.4381704e-1	
2021-03-10	8:44:18	4.09539e2	5.13575e1	7.40664e1	6.5238094e-2	1.2076432e1	7.2311172e-1	
2021-03-10	8:44:19	4.09349e2	5.13575e1	7.40757e1	6.5216054e-2	1.2072236e1	7.1654291e-1	
2021-03-10	8:44:19	4.10225e2	5.13575e1	7.40737e1	6.5317683e-2	1.2071397e1	7.3327093e-1	
2021-03-10	8:44:20	4.10789e2	5.13542e1	7.40605e1	6.5383620e-2	1.2083985e1	7.4018850e-1	
2021-03-10	8:44:20	4.09777e2	5.13542e1	7.40799e1	6.5266141e-2	1.2063004e1	7.1685581e-1	
2021-03-10	8:44:21	4.08951e2	5.13509e1	7.40845e1	6.5170769e-2	1.2072236e1	7.1587252e-1	
2021-03-10	8:44:21	4.09546e2	5.13509e1	7.40682e1	6.5239882e-2	1.2085664e1	7.4200916e-1	
2021-03-10	8:44:22	4.09748e2	5.13509e1	7.40622e1	6.5263338e-2	1.2071397e1	7.2909712e-1	
2021-03-10	8:44:22	4.10035e2	5.13542e1	7.40752e1	6.5296120e-2	1.2064683e1	7.1903285e-1	
2021-03-10	8:44:23	4.09927e2	5.13509e1	7.40712e1	6.5284061e-2	1.2083146e1	7.1891541e-1	
2021-03-10	8:44:23	4.09490e2	5.13542e1	7.40757e1	6.5232825e-2	1.2063004e1	7.3836259e-1	
2021-03-10	8:44:24	4.10077e2	5.13575e1	7.40575e1	6.5300555e-2	1.2083985e1	7.4520215e-1	
2021-03-10	8:44:24	4.09738e2	5.13575e1	7.40682e1	6.5261125e-2	1.2083146e1	7.2203297e-1	
2021-03-10	8:44:25	4.09276e2	5.13509e1	7.40754e1	6.5208435e-2	1.2072236e1	7.1879696e-1	
2021-03-10	8:44:25	4.09221e2	5.13542e1	7.40719e1	6.5201559e-2	1.2084825e1	7.3611187e-1	
2021-03-10	8:44:26	4.09150e2	5.13542e1	7.40605e1	6.5193324e-2	1.2091538e1	7.3731422e-1	
2021-03-10	8:44:26	4.09217e2	5.13542e1	7.40782e1	6.5201110e-2	1.2074754e1	7.1515607e-1	
2021-03-10	8:44:27	4.09472e2	5.13542e1	7.40812e1	6.5230774e-2	1.2066361e1	7.2350621e-1	
2021-03-10	8:44:27	4.09530e2	5.13542e1	7.40664e1	6.5237455e-2	1.2079789e1	7.4086103e-1	
2021-03-10	8:44:28	4.09493e2	5.13575e1	7.40614e1	6.5232696e-2	1.2079789e1	7.2482590e-1	
2021-03-10	8:44:28	4.09334e2	5.13575e1	7.40777e1	6.5214309e-2	1.2071397e1	7.1670985e-1	
2021-03-10	8:44:29	4.09576e2	5.13575e1	7.40719e1	6.5242414e-2	1.2081468e1	7.2248182e-1	
2021-03-10	8:44:29	4.10041e2	5.13509e1	7.40757e1	6.5297369e-2	1.2078950e1	7.2783403e-1	
2021-03-10	8:44:30	4.10057e2	5.13542e1	7.40652e1	6.5298690e-2	1.2081468e1	7.3987979e-1	
2021-03-10	8:44:30	4.09717e2	5.13575e1	7.40657e1	6.5258769e-2	1.2066361e1	7.2736139e-1	
2021-03-10	8:44:31	4.09488e2	5.13542e1	7.40732e1	6.5232620e-2	1.2062165e1	7.1943359e-1	
2021-03-10	8:44:31	4.10772e2	5.13542e1	7.40759e1	6.5381660e-2	1.2083985e1	7.3243484e-1	
2021-03-10	8:44:32	4.11801e2	5.13542e1	7.40595e1	6.5500879e-2	1.2078111e1	7.4150323e-1	
2021-03-10	8:44:32	4.10306e2	5.13542e1	7.40772e1	6.5327520e-2	1.2063004e1	7.1747684e-1	
2021-03-10	8:44:33	4.09207e2	5.13575e1	7.40794e1	6.5199499e-2	1.2068040e1	7.1979389e-1	
2021-03-10	8:44:33	4.09896e2	5.13542e1	7.40689e1	6.5279970e-2	1.2082307e1	7.3631772e-1	
2021-03-10	8:44:34	4.10045e2	5.13542e1	7.40637e1	6.5297260e-2	1.2073915e1	7.2785434e-1	
2021-03-10	8:44:34	4.09425e2	5.13575e1	7.40732e1	6.5224781e-2	1.2061326e1	7.1733946e-1	
2021-03-10	8:44:35	4.10330e2	5.13542e1	7.40752e1	6.5330305e-2	1.2068040e1	7.1353712e-1	
2021-03-10	8:44:35	4.10852e2	5.13542e1	7.40784e1	6.5390911e-2	1.2088181e1	7.3272953e-1	
2021-03-10	8:44:36	4.11267e2	5.13509e1	7.40612e1	6.5439500e-2	1.2079789e1	7.4215788e-1	
2021-03-10	8:44:36	4.10747e2	5.13542e1	7.40700e1	6.5378756e-2	1.2082307e1	7.1980099e-1	
2021-03-10	8:44:37	4.09705e2	5.13575e1	7.40757e1	6.5257377e-2	1.2067201e1	7.2119755e-1	
2021-03-10	8:44:37	4.10061e2	5.13608e1	7.40680e1	6.5298199e-2	1.2083985e1	7.3237843e-1	
2021-03-10	8:44:38	4.09765e2	5.13575e1	7.40677e1	6.5264348e-2	1.2065522e1	7.2376642e-1	
2021-03-10	8:44:38	4.09443e2	5.13542e1	7.40802e1	6.5227403e-2	1.2057130e1	7.2133159e-1	
2021-03-10	8:44:39	4.10152e2	5.13542e1	7.40670e1	6.5309691e-2	1.2080628e1	7.3609852e-1	
2021-03-10	8:44:39	4.10413e2	5.13509e1	7.40670e1	6.5340452e-2	1.2067201e1	7.3199934e-1	
2021-03-10	8:44:40	4.09847e2	5.13575e1	7.40687e1	6.5273866e-2	1.2075593e1	7.2416944e-1	
2021-03-10	8:44:40	4.09490e2	5.13575e1	7.40735e1	6.5232400e-2	1.2057130e1	7.2492241e-1	
2021-03-10	8:44:41	4.09939e2	5.13608e1	7.40707e1	6.5283961e-2	1.2070558e1	7.2567248e-1	
2021-03-10	8:44:41	4.09476e2	5.13608e1	7.40762e1	6.5230250e-2	1.2074754e1	7.2142906e-1	
2021-03-10	8:44:42	4.09290e2	5.13608e1	7.40700e1	6.5208683e-2	1.2078950e1	7.3581609e-1	
2021-03-10	8:44:42	4.10245e2	5.13575e1	7.40627e1	6.5319962e-2	1.2068879e1	7.3512558e-1	
2021-03-10	8:44:43	4.09478e2	5.13509e1	7.40689e1	6.5231914e-2	1.2068879e1	7.2523527e-1	
2021-03-10	8:44:43	4.08494e2	5.13542e1	7.40742e1	6.5117120e-2	1.2063844e1	7.2615890e-1	
2021-03-10	8:44:44	4.09762e2	5.13575e1	7.40682e1	6.5263900e-2	1.2079789e1	7.2669162e-1	
2021-03-10	8:44:44	4.10031e2	5.13575e1	7.40775e1	6.5295209e-2	1.2093217e1	7.2303862e-1	
2021-03-10	8:44:45	4.09779e2	5.13542e1	7.40684e1	6.5266418e-2	1.2078111e1	7.3597645e-1	
2021-03-10	8:44:45	4.10315e2	5.13575e1	7.40657e1	6.5328145e-2	1.2087342e1	7.3104438e-1	
2021-03-10	8:44:46	4.10142e2	5.13608e1	7.40687e1	6.5307531e-2	1.2069718e1	7.2387814e-1	
2021-03-10	8:44:46	4.10575e2	5.13575e1	7.40727e1	6.5358257e-2	1.2071397e1	7.2543020e-1	
2021-03-10	8:44:47	4.11262e2	5.13575e1	7.40702e1	6.5437912e-2	1.2063844e1	7.2206215e-1	
2021-03-10	8:44:47	4.10948e2	5.13575e1	7.40802e1	6.5401554e-2	1.2067201e1	7.2347221e-1	
2021-03-10	8:44:48	4.11099e2	5.13542e1	7.40654e1	6.5419602e-2	1.2085664e1	7.3641157e-1	
2021-03-10	8:44:48	4.11159e2	5.13542e1	7.40672e1	6.5426540e-2	1.2088181e1	7.3097934e-1	
2021-03-10	8:44:49	4.12675e2	5.13542e1	7.40692e1	6.5602040e-2	1.2084825e1	7.2523407e-1	
2021-03-10	8:44:49	4.14408e2	5.13542e1	7.40717e1	6.5802440e-2	1.2088181e1	7.2908887e-1	
2021-03-10	8:44:50	4.13982e2	5.13542e1	7.40684e1	6.5753231e-2	1.2065522e1	7.2529592e-1	
2021-03-10	8:44:50	4.13626e2	5.13542e1	7.40820e1	6.5712094e-2	1.2063004e1	7.2075767e-1	
2021-03-10	8:44:51	4.15930e2	5.13542e1	7.40707e1	6.5977964e-2	1.2081468e1	7.3359251e-1	
2021-03-10	8:44:51	4.18141e2	5.13575e1	7.40662e1	6.6232156e-2	1.2068040e1	7.3046469e-1	
2021-03-10	8:44:52	4.18195e2	5.13542e1	7.40712e1	6.6238765e-2	1.2074754e1	7.2341909e-1	
2021-03-10	8:44:52	4.17956e2	5.13542e1	7.40739e1	6.6211347e-2	1.2081468e1	7.2402725e-1	
2021-03-10	8:44:53	4.17116e2	5.13542e1	7.40692e1	6.6114692e-2	1.2065522e1	7.2278714e-1	
2021-03-10	8:44:53	4.16804e2	5.13575e1	7.40794e1	6.6078238e-2	1.2072236e1	7.1811227e-1	
2021-03-10	8:44:54	4.18264e2	5.13575e1	7.40729e1	6.6246275e-2	1.2063844e1	7.3541898e-1	
2021-03-10	8:44:54	4.19392e2	5.13509e1	7.40637e1	6.6376914e-2	1.2077271e1	7.3540754e-1	
2021-03-10	8:44:55	4.19531e2	5.13542e1	7.40682e1	6.6392302e-2	1.2076432e1	7.2587847e-1	
2021-03-10	8:44:55	4.19471e2	5.13542e1	7.40747e1	6.6385393e-2	1.2065522e1	7.2344083e-1	
2021-03-10	8:44:56	4.19900e2	5.13575e1	7.40692e1	6.6434168e-2	1.2072236e1	7.2268986e-1	
2021-03-10	8:44:56	4.19187e2	5.13575e1	7.40784e1	6.6352319e-2	1.2075593e1	7.2139859e-1	
2021-03-10	8:44:57	4.18306e2	5.13509e1	7.40680e1	6.6252083e-2	1.2068040e1	7.3439149e-1	
2021-03-10	8:44:57	4.17536e2	5.13509e1	7.40659e1	6.6163454e-2	1.2067201e1	7.2865419e-1	
2021-03-10	8:44:58	4.17199e2	5.13542e1	7.40709e1	6.6124248e-2	1.2070558e1	7.2310919e-1	
2021-03-10	8:44:58	4.17435e2	5.13542e1	7.40719e1	6.6151328e-2	1.2065522e1	7.2644095e-1	
2021-03-10	8:44:59	4.16085e2	5.13575e1	7.40700e1	6.5995450e-2	1.2069718e1	7.2406620e-1	
2021-03-10	8:44:59	4.15069e2	5.13608e1	7.40764e1	6.5877699e-2	1.2075593e1	7.2095994e-1	
2021-03-10	8:45:00	4.15989e2	5.13575e1	7.40717e1	6.5984277e-2	1.2085664e1	7.3408565e-1	
2021-03-10	8:45:00	4.17219e2	5.13575e1	7.40664e1	6.6126003e-2	1.2073075e1	7.2921123e-1	
2021-03-10	8:45:01	4.17826e2	5.13641e1	7.40705e1	6.6194925e-2	1.2062165e1	7.2476248e-1	
2021-03-10	8:45:01	4.17075e2	5.13608e1	7.40722e1	6.6108989e-2	1.2059648e1	7.2945280e-1	
2021-03-10	8:45:02	4.15472e2	5.13542e1	7.40672e1	6.5925159e-2	1.2074754e1	7.3015170e-1	
2021-03-10	8:45:02	4.15377e2	5.13542e1	7.40757e1	6.5914211e-2	1.2073075e1	7.2059297e-1	
2021-03-10	8:45:03	4.16614e2	5.13509e1	7.40725e1	6.6057300e-2	1.2083146e1	7.3677759e-1	
2021-03-10	8:45:03	4.16934e2	5.13542e1	7.40607e1	6.6093692e-2	1.2077271e1	7.3817071e-1	
2021-03-10	8:45:04	4.16396e2	5.13575e1	7.40662e1	6.6031289e-2	1.2081468e1	7.2249050e-1	
2021-03-10	8:45:04	4.16683e2	5.13542e1	7.40752e1	6.6064743e-2	1.2067201e1	7.2380752e-1	
2021-03-10	8:45:05	4.17553e2	5.13476e1	7.40695e1	6.6165990e-2	1.2089860e1	7.2629837e-1	
2021-03-10	8:45:05	4.18009e2	5.13509e1	7.40790e1	6.6217951e-2	1.2080628e1	7.1960105e-1	
2021-03-10	8:45:06	4.18577e2	5.13542e1	7.40722e1	6.6282739e-2	1.2079789e1	7.3335509e-1	
2021-03-10	8:45:06	4.18328e2	5.13542e1	7.40664e1	6.6254148e-2	1.2086503e1	7.3405427e-1	
2021-03-10	8:45:07	4.18677e2	5.13542e1	7.40689e1	6.6294193e-2	1.2074754e1	7.2442054e-1	
2021-03-10	8:45:07	4.18543e2	5.13542e1	7.40762e1	6.6278800e-2	1.2075593e1	7.2016119e-1	
2021-03-10	8:45:08	4.18109e2	5.13608e1	7.40732e1	6.6227903e-2	1.2071397e1	7.1960945e-1	
2021-03-10	8:45:08	4.19049e2	5.13575e1	7.40792e1	6.6336479e-2	1.2059648e1	7.2706313e-1	
2021-03-10	8:45:09	4.18426e2	5.13542e1	7.40657e1	6.6265392e-2	1.2074754e1	7.4058008e-1	
2021-03-10	8:45:09	4.18002e2	5.13542e1	7.40680e1	6.6216640e-2	1.2074754e1	7.2494931e-1	
2021-03-10	8:45:10	4.17804e2	5.13575e1	7.40775e1	6.6193346e-2	1.2071397e1	7.1794576e-1	
2021-03-10	8:45:10	4.17630e2	5.13542e1	7.40747e1	6.6173839e-2	1.2083985e1	7.2945976e-1	
2021-03-10	8:45:11	4.19469e2	5.13542e1	7.40662e1	6.6385197e-2	1.2082307e1	7.3071489e-1	
2021-03-10	8:45:11	4.18946e2	5.13608e1	7.40797e1	6.6324138e-2	1.2068040e1	7.1683745e-1	
2021-03-10	8:45:12	4.18437e2	5.13542e1	7.40802e1	6.6266670e-2	1.2083146e1	7.2585840e-1	
2021-03-10	8:45:12	4.19010e2	5.13509e1	7.40647e1	6.6332988e-2	1.2088181e1	7.3893136e-1	
2021-03-10	8:45:13	4.17123e2	5.13542e1	7.40674e1	6.6115493e-2	1.2073075e1	7.2289295e-1	
2021-03-10	8:45:13	4.15462e2	5.13575e1	7.40754e1	6.5923547e-2	1.2072236e1	7.1775960e-1	
2021-03-10	8:45:14	4.14724e2	5.13608e1	7.40757e1	6.5837912e-2	1.2063004e1	7.1522712e-1	
2021-03-10	8:45:14	4.14446e2	5.13575e1	7.40782e1	6.5806317e-2	1.2063844e1	7.3311443e-1	
2021-03-10	8:45:15	4.15013e2	5.13575e1	7.40579e1	6.5871720e-2	1.2095735e1	7.4332909e-1	
2021-03-10	8:45:15	4.14400e2	5.13608e1	7.40692e1	6.5800437e-2	1.2093217e1	7.2171645e-1	
2021-03-10	8:45:16	4.14165e2	5.13608e1	7.40767e1	6.5773320e-2	1.2067201e1	7.1722450e-1	
2021-03-10	8:45:16	4.14412e2	5.13575e1	7.40737e1	6.5802426e-2	1.2077271e1	7.3336677e-1	
2021-03-10	8:45:17	4.13287e2	5.13575e1	7.40630e1	6.5672392e-2	1.2093217e1	7.3441629e-1	
2021-03-10	8:45:17	4.12821e2	5.13575e1	7.40817e1	6.5618505e-2	1.2068040e1	7.1388001e-1	
2021-03-10	8:45:18	4.13249e2	5.13542e1	7.40849e1	6.5668511e-2	1.2064683e1	7.2352676e-1	
2021-03-10	8:45:18	4.13054e2	5.13542e1	7.40672e1	6.5645933e-2	1.2076432e1	7.3945159e-1	
2021-03-10	8:45:19	4.12442e2	5.13575e1	7.40647e1	6.5574645e-2	1.2075593e1	7.2343134e-1	
2021-03-10	8:45:19	4.11408e2	5.13542e1	7.40810e1	6.5455341e-2	1.2068040e1	7.1445446e-1	
2021-03-10	8:45:20	4.11380e2	5.13542e1	7.40745e1	6.5452089e-2	1.2072236e1	7.2208032e-1	
2021-03-10	8:45:20	4.11999e2	5.13542e1	7.40804e1	6.5523853e-2	1.2066361e1	7.2226524e-1	
2021-03-10	8:45:21	4.11750e2	5.13575e1	7.40695e1	6.5494465e-2	1.2070558e1	7.3302345e-1	
2021-03-10	8:45:21	4.10739e2	5.13575e1	7.40684e1	6.5377287e-2	1.2066361e1	7.2624521e-1	
2021-03-10	8:45:22	4.10819e2	5.13575e1	7.40752e1	6.5386538e-2	1.2076432e1	7.2026367e-1	
2021-03-10	8:45:22	4.11876e2	5.13542e1	7.40752e1	6.5509581e-2	1.2085664e1	7.2299122e-1	
2021-03-10	8:45:23	4.11940e2	5.13575e1	7.40722e1	6.5516433e-2	1.2082307e1	7.2519998e-1	
2021-03-10	8:45:23	4.11335e2	5.13608e1	7.40810e1	6.5445890e-2	1.2062165e1	7.1671371e-1	
2021-03-10	8:45:24	4.10712e2	5.13542e1	7.40775e1	6.5374660e-2	1.2066361e1	7.3200507e-1	
2021-03-10	8:45:24	4.11679e2	5.13542e1	7.40617e1	6.5486721e-2	1.2077271e1	7.4107460e-1	
2021-03-10	8:45:25	4.12897e2	5.13575e1	7.40684e1	6.5627250e-2	1.2078111e1	7.2187590e-1	
2021-03-10	8:45:25	4.12888e2	5.13542e1	7.40784e1	6.5626678e-2	1.2072236e1	7.2186613e-1	
2021-03-10	8:45:26	4.13299e2	5.13542e1	7.40722e1	6.5674281e-2	1.2066361e1	7.2469573e-1	
2021-03-10	8:45:26	4.13273e2	5.13575e1	7.40794e1	6.5670781e-2	1.2068879e1	7.2298994e-1	
2021-03-10	8:45:27	4.12905e2	5.13575e1	7.40700e1	6.5628142e-2	1.2070558e1	7.3304014e-1	
2021-03-10	8:45:27	4.12580e2	5.13575e1	7.40702e1	6.5590610e-2	1.2068040e1	7.2737798e-1	
2021-03-10	8:45:28	4.12144e2	5.13608e1	7.40727e1	6.5539684e-2	1.2080628e1	7.2214727e-1	
